mtllib export_20250324T155639.mtl

o Plane/BasicEnvironment/StartCube-1
v 0.09999988 0 1.1
v 0.09999991 0.2 0.9000001
v 0.09999988 0.2 1.1
v 0.09999991 0 0.9000001
v -0.1000001 0.2 0.9000001
v -0.1000002 0.2 1.1
v -0.1000001 0 0.9000001
v -0.1000002 0 1.1
vt 0 0
vt 1 1
vt 0 1
vt 1 0
vn 1 0 1.192093E-07
vn 0 1 0
vn -1 0 -1.192093E-07
vn 0 -1 0
vn 1.192093E-07 0 -1
vn -1.192093E-07 0 1
usemtl big-cube-material-dark
f 1/1/1 2/2/1 3/3/1
f 1/1/1 4/4/1 2/2/1
f 3/1/2 5/2/2 6/3/2
f 3/1/2 2/4/2 5/2/2
f 6/1/3 7/2/3 8/3/3
f 6/1/3 5/4/3 7/2/3
f 8/1/4 4/2/4 1/3/4
f 8/1/4 7/4/4 4/2/4
f 4/1/5 5/2/5 2/3/5
f 4/1/5 7/4/5 5/2/5
f 8/1/6 3/2/6 6/3/6
f 8/1/6 1/4/6 3/2/6
o Plane/BasicEnvironment/StartCube-2
v 0.1000001 0 -0.9000001
v 0.1000002 0.2 -1.1
v 0.1000001 0.2 -0.9000001
v 0.1000002 0 -1.1
v -0.09999988 0.2 -1.1
v -0.09999991 0.2 -0.9000001
v -0.09999988 0 -1.1
v -0.09999991 0 -0.9000001
usemtl big-cube-material-dark
f 9/1/1 10/2/1 11/3/1
f 9/1/1 12/4/1 10/2/1
f 11/1/2 13/2/2 14/3/2
f 11/1/2 10/4/2 13/2/2
f 14/1/3 15/2/3 16/3/3
f 14/1/3 13/4/3 15/2/3
f 16/1/4 12/2/4 9/3/4
f 16/1/4 15/4/4 12/2/4
f 12/1/5 13/2/5 10/3/5
f 12/1/5 15/4/5 13/2/5
f 16/1/6 11/2/6 14/3/6
f 16/1/6 9/4/6 11/2/6
o GridCube_0
v 0.103923 0.0006247401 -0.3500362
v 0.1038809 0.2013032 -0.150717
v 0.1038168 0.00130434 -0.1500374
v 0.1039871 0.2006236 -0.3507158
v -0.09611914 0.2013668 -0.1508234
v -0.09618315 0.001367962 -0.1501438
v -0.09601293 0.2006872 -0.3508223
v -0.09607694 0.0006883621 -0.3501427
vn 0.9999998 -0.0003181099 0.0005322694
vn -0.0005310475 0.003398001 0.9999941
vn -0.9999998 0.0003181099 -0.0005322694
vn 0.0005310475 -0.003398001 -0.9999941
vn 0.0003200769 0.9999942 -0.003398001
vn -0.0003200769 -0.9999942 0.003398001
usemtl big-cube-material(Clone)_(Instance)
f 17/1/7 18/2/7 19/3/7
f 17/1/7 20/4/7 18/2/7
f 19/1/8 21/2/8 22/3/8
f 19/1/8 18/4/8 21/2/8
f 22/1/9 23/2/9 24/3/9
f 22/1/9 21/4/9 23/2/9
f 24/1/10 20/2/10 17/3/10
f 24/1/10 23/4/10 20/2/10
f 20/1/11 21/2/11 18/3/11
f 20/1/11 23/4/11 21/2/11
f 24/1/12 19/2/12 22/3/12
f 24/1/12 17/4/12 19/2/12
o GridCube_0:1
v 0.1012818 0.001142594 -0.6994447
v -0.0988676 0.2009914 -0.7002781
v 0.1011301 0.2011425 -0.6993305
v -0.09871593 0.0009914642 -0.7003922
v -0.09981514 0.2008765 -0.5002804
v 0.1001826 0.2010276 -0.4993328
v -0.09966347 0.0008765725 -0.5003945
v 0.1003342 0.001027703 -0.4994469
vn 0.00473767 0.0005744586 -0.9999886
vn -0.0007583646 0.9999996 0.0005708719
vn -0.00473767 -0.0005744586 0.9999886
vn 0.0007583646 -0.9999996 -0.0005708719
vn -0.9999886 -0.0007556513 -0.004738103
vn 0.9999886 0.0007556513 0.004738103
usemtl big-cube-material(Clone)_(Instance)_1
f 25/1/13 26/2/13 27/3/13
f 25/1/13 28/4/13 26/2/13
f 27/1/14 29/2/14 30/3/14
f 27/1/14 26/4/14 29/2/14
f 30/1/15 31/2/15 32/3/15
f 30/1/15 29/4/15 31/2/15
f 32/1/16 28/2/16 25/3/16
f 32/1/16 31/4/16 28/2/16
f 28/1/17 29/2/17 26/3/17
f 28/1/17 31/4/17 29/2/17
f 32/1/18 27/2/18 30/3/18
f 32/1/18 25/4/18 27/2/18
o GridPlank_0
v 0.09874766 0.2995158 -0.2776862
v -0.1011845 0.1996082 -0.270936
v -0.101134 0.2996081 -0.2708082
v 0.09869711 0.199516 -0.2778139
v -0.08399004 0.1989613 0.2287679
v -0.08393949 0.2989612 0.2288956
v 0.1158916 0.198869 0.2218899
v 0.1159422 0.2988689 0.2220177
vt 1 0.5
vt 0 0.5
vt 2.5 0.5
vt 2.5 0
vt 2.5 1
vn -0.03438902 0.001293838 -0.9994077
vn -0.9994084 0.00046134 0.03438968
vn 0.03438902 -0.001293838 0.9994077
vn 0.9994084 -0.00046134 -0.03438968
vn 0.0005054772 0.999999 0.001277268
vn -0.0005054772 -0.999999 -0.001277268
usemtl plank-material(Clone)_(Instance)
f 33/1/19 34/5/19 35/4/19
f 33/1/19 36/6/19 34/5/19
f 35/1/20 37/7/20 38/8/20
f 35/1/20 34/6/20 37/7/20
f 38/4/21 39/6/21 40/1/21
f 38/4/21 37/5/21 39/6/21
f 40/8/22 36/6/22 33/1/22
f 40/8/22 39/7/22 36/6/22
f 35/3/23 40/8/23 33/1/23
f 35/3/23 38/9/23 40/8/23
f 37/9/24 36/1/24 39/8/24
f 37/9/24 34/3/24 36/1/24
o GridPlank_0:1
v -0.09826449 0.299405 -0.5549867
v 0.1016784 0.1992921 -0.555472
v 0.1017352 0.2992919 -0.5552925
v -0.09832135 0.1994052 -0.5551661
v 0.1009142 0.2001897 -1.055471
v 0.1009711 0.3001896 -1.055291
v -0.09908551 0.2003029 -1.055165
v -0.09902865 0.3003027 -1.054985
vn 0.001528323 -0.001795322 0.9999973
vn 0.9999987 -0.0005657673 -0.001529336
vn -0.001528323 0.001795322 -0.9999973
vn -0.9999987 0.0005657673 0.001529336
vn 0.0005686581 0.9999982 0.001794457
vn -0.0005686581 -0.9999982 -0.001794457
usemtl plank-material(Clone)_(Instance)_1
f 41/1/25 42/5/25 43/4/25
f 41/1/25 44/6/25 42/5/25
f 43/1/26 45/7/26 46/8/26
f 43/1/26 42/6/26 45/7/26
f 46/4/27 47/6/27 48/1/27
f 46/4/27 45/5/27 47/6/27
f 48/8/28 44/6/28 41/1/28
f 48/8/28 47/7/28 44/6/28
f 43/3/29 48/8/29 41/1/29
f 43/3/29 46/9/29 48/8/29
f 45/9/30 44/1/30 47/8/30
f 45/9/30 42/3/30 44/1/30
o GridCube_0:2
v 0.09976383 0.001060121 0.600759
v -0.1003012 0.200995 0.6009279
v 0.09969878 0.2010601 0.6008273
v -0.1002361 0.0009950459 0.6008596
v -0.1002006 0.2009267 0.8009279
v 0.0997994 0.2009917 0.8008273
v -0.1001355 0.0009266952 0.8008596
v 0.09986445 0.0009917706 0.800759
vn -0.0005030938 0.0003417535 -0.9999999
vn -0.0003252049 0.9999999 0.0003419171
vn 0.0005030938 -0.0003417535 0.9999999
vn 0.0003252049 -0.9999999 -0.0003419171
vn -0.9999999 -0.0003253769 0.0005029826
vn 0.9999999 0.0003253769 -0.0005029826
usemtl big-cube-material(Clone)_(Instance)_2
f 49/1/31 50/2/31 51/3/31
f 49/1/31 52/4/31 50/2/31
f 51/1/32 53/2/32 54/3/32
f 51/1/32 50/4/32 53/2/32
f 54/1/33 55/2/33 56/3/33
f 54/1/33 53/4/33 55/2/33
f 56/1/34 52/2/34 49/3/34
f 56/1/34 55/4/34 52/2/34
f 52/1/35 53/2/35 50/3/35
f 52/1/35 55/4/35 53/2/35
f 56/1/36 51/2/36 54/3/36
f 56/1/36 49/4/36 51/2/36
o GridCube_0:3
v 0.1015701 0.2013994 0.2022824
v -0.09891842 0.200586 0.4017911
v 0.101081 0.2004919 0.4022798
v -0.09842931 0.2014935 0.2017937
v -0.09901029 0.000588019 0.4008833
v 0.1009891 0.0004939245 0.401372
v -0.09852118 0.001495559 0.2008859
v 0.1014782 0.001401465 0.2013746
vn 0.0004593791 0.9999896 0.004538893
vn -0.002445542 -0.004537701 0.9999868
vn -0.0004593791 -0.9999896 -0.004538893
vn 0.002445542 0.004537701 -0.9999868
vn -0.9999969 0.0004704728 -0.002443432
vn 0.9999969 -0.0004704728 0.002443432
usemtl big-cube-material(Clone)_(Instance)_3
f 57/1/37 58/2/37 59/3/37
f 57/1/37 60/4/37 58/2/37
f 59/1/38 61/2/38 62/3/38
f 59/1/38 58/4/38 61/2/38
f 62/1/39 63/2/39 64/3/39
f 62/1/39 61/4/39 63/2/39
f 64/1/40 60/2/40 57/3/40
f 64/1/40 63/4/40 60/2/40
f 60/1/41 61/2/41 58/3/41
f 60/1/41 63/4/41 61/2/41
f 64/1/42 59/2/42 62/3/42
f 64/1/42 57/4/42 59/2/42
o GridPlank_0:2
v 0.08928674 0.3005158 0.2229855
v -0.1103253 0.2007352 0.2370878
v -0.1102121 0.3007351 0.2371329
v 0.0891736 0.2005159 0.2229403
v -0.07495683 0.20047 0.7358353
v -0.0748437 0.3004699 0.7358804
v 0.1245421 0.2002507 0.7216877
v 0.1246552 0.3002506 0.7217329
vn -0.07073689 0.0005304813 -0.9974949
vn -0.9974944 0.001096547 0.07073739
vn 0.07073689 -0.0005304813 0.9974949
vn 0.9974944 -0.001096547 -0.07073739
vn 0.001131356 0.9999993 0.0004515052
vn -0.001131356 -0.9999993 -0.0004515052
usemtl plank-material(Clone)_(Instance)_2
f 65/1/43 66/5/43 67/4/43
f 65/1/43 68/6/43 66/5/43
f 67/1/44 69/7/44 70/8/44
f 67/1/44 66/6/44 69/7/44
f 70/4/45 71/6/45 72/1/45
f 70/4/45 69/5/45 71/6/45
f 72/8/46 68/6/46 65/1/46
f 72/8/46 71/7/46 68/6/46
f 67/3/47 72/8/47 65/1/47
f 67/3/47 70/9/47 72/8/47
f 69/9/48 68/1/48 71/8/48
f 69/9/48 66/3/48 68/1/48
o GridPlank_0:3
v 0.1036319 0.1996532 1.24997
v -0.0963745 0.2996402 1.250097
v -0.09636806 0.1996403 1.249996
v 0.1036255 0.2996531 1.250072
v -0.09643798 0.300148 0.7500973
v -0.09643154 0.200148 0.7499958
v 0.103562 0.3001609 0.7500719
v 0.1035685 0.2001609 0.7499704
vn 0.0001269579 -0.001015425 0.9999995
vn -1 -6.461143E-05 0.0001269579
vn -0.0001269579 0.001015425 -0.9999995
vn 1 6.461143E-05 -0.0001269579
vn 6.440281E-05 -0.9999995 -0.001015425
vn -6.440281E-05 0.9999995 0.001015425
usemtl plank-material(Clone)_(Instance)_3
f 73/1/49 74/5/49 75/4/49
f 73/1/49 76/6/49 74/5/49
f 75/1/50 77/7/50 78/8/50
f 75/1/50 74/6/50 77/7/50
f 78/4/51 79/6/51 80/1/51
f 78/4/51 77/5/51 79/6/51
f 80/8/52 76/6/52 73/1/52
f 80/8/52 79/7/52 76/6/52
f 75/3/53 80/8/53 73/1/53
f 75/3/53 78/9/53 80/8/53
f 77/9/54 76/1/54 79/8/54
f 77/9/54 74/3/54 76/1/54
o GridPlank_0:4
v 0.09976946 0.3996161 -0.6993229
v -0.1001923 0.2995406 -0.6997498
v -0.1002305 0.3995401 -0.6994385
v 0.09980763 0.2996166 -0.6996341
v -0.1004809 0.2979839 -0.1997523
v -0.1005191 0.3979834 -0.199441
v 0.09951908 0.2980599 -0.1996366
v 0.09948091 0.3980594 -0.1993253
vn 0.0005770921 0.003113329 -0.999995
vn -0.9999998 -0.00037992 -0.0005783736
vn -0.0005770921 -0.003113329 0.999995
vn 0.9999998 0.00037992 0.0005783736
vn -0.0003816485 0.9999951 0.003113032
vn 0.0003816485 -0.9999951 -0.003113032
usemtl plank-material(Clone)_(Instance)_4
f 81/1/55 82/5/55 83/4/55
f 81/1/55 84/6/55 82/5/55
f 83/1/56 85/7/56 86/8/56
f 83/1/56 82/6/56 85/7/56
f 86/4/57 87/6/57 88/1/57
f 86/4/57 85/5/57 87/6/57
f 88/8/58 84/6/58 81/1/58
f 88/8/58 87/7/58 84/6/58
f 83/3/59 88/8/59 81/1/59
f 83/3/59 86/9/59 88/8/59
f 85/9/60 84/1/60 87/8/60
f 85/9/60 82/3/60 84/1/60
