mtllib export_20250327T184202.mtl

o Plane/BasicEnvironment/StartCube-1
v 0.09999988 0 1.1
v 0.09999991 0.2 0.9000001
v 0.09999988 0.2 1.1
v 0.09999991 0 0.9000001
v -0.1000001 0.2 0.9000001
v -0.1000002 0.2 1.1
v -0.1000001 0 0.9000001
v -0.1000002 0 1.1
vt 0 0
vt 1 1
vt 0 1
vt 1 0
vn 1 0 1.192093E-07
vn 0 1 0
vn -1 0 -1.192093E-07
vn 0 -1 0
vn 1.192093E-07 0 -1
vn -1.192093E-07 0 1
usemtl big-cube-material-dark
f 1/1/1 2/2/1 3/3/1
f 1/1/1 4/4/1 2/2/1
f 3/1/2 5/2/2 6/3/2
f 3/1/2 2/4/2 5/2/2
f 6/1/3 7/2/3 8/3/3
f 6/1/3 5/4/3 7/2/3
f 8/1/4 4/2/4 1/3/4
f 8/1/4 7/4/4 4/2/4
f 4/1/5 5/2/5 2/3/5
f 4/1/5 7/4/5 5/2/5
f 8/1/6 3/2/6 6/3/6
f 8/1/6 1/4/6 3/2/6
o Plane/BasicEnvironment/StartCube-2
v 0.1000001 0 -0.9000001
v 0.1000002 0.2 -1.1
v 0.1000001 0.2 -0.9000001
v 0.1000002 0 -1.1
v -0.09999988 0.2 -1.1
v -0.09999991 0.2 -0.9000001
v -0.09999988 0 -1.1
v -0.09999991 0 -0.9000001
usemtl big-cube-material-dark
f 9/1/1 10/2/1 11/3/1
f 9/1/1 12/4/1 10/2/1
f 11/1/2 13/2/2 14/3/2
f 11/1/2 10/4/2 13/2/2
f 14/1/3 15/2/3 16/3/3
f 14/1/3 13/4/3 15/2/3
f 16/1/4 12/2/4 9/3/4
f 16/1/4 15/4/4 12/2/4
f 12/1/5 13/2/5 10/3/5
f 12/1/5 15/4/5 13/2/5
f 16/1/6 11/2/6 14/3/6
f 16/1/6 9/4/6 11/2/6
o GridCube_0
v 0.0994894 0.0005871703 -0.6508099
v -0.1002163 0.2008808 -0.6511436
v 0.09978336 0.2005861 -0.6513772
v -0.1005102 0.000881795 -0.6505762
v -0.09998176 0.2014478 -0.4511445
v 0.1000179 0.2011532 -0.4513782
v -0.1002757 0.00144882 -0.4505771
v 0.09972392 0.001154195 -0.4508108
vn -0.001172594 -0.002835125 -0.9999953
vn 0.001469804 0.9999949 -0.002836848
vn 0.001172594 0.002835125 0.9999953
vn -0.001469804 -0.9999949 0.002836848
vn -0.9999982 0.001473123 0.001168421
vn 0.9999982 -0.001473123 -0.001168421
usemtl big-cube-material(Clone)_(Instance)
f 17/1/7 18/2/7 19/3/7
f 17/1/7 20/4/7 18/2/7
f 19/1/8 21/2/8 22/3/8
f 19/1/8 18/4/8 21/2/8
f 22/1/9 23/2/9 24/3/9
f 22/1/9 21/4/9 23/2/9
f 24/1/10 20/2/10 17/3/10
f 24/1/10 23/4/10 20/2/10
f 20/1/11 21/2/11 18/3/11
f 20/1/11 23/4/11 21/2/11
f 24/1/12 19/2/12 22/3/12
f 24/1/12 17/4/12 19/2/12
o GridCube_0:1
v -0.1015881 0.0005489037 0.150718
v 0.09791747 0.2010421 0.1505558
v -0.1020815 0.2005481 0.1509932
v 0.09841085 0.001042888 0.1502806
v 0.09747932 0.2013162 -0.04944361
v -0.1025196 0.2008222 -0.04900613
v 0.0979727 0.001317005 -0.0497188
v -0.1020263 0.0008230206 -0.04928133
vn 0.002190748 -0.001370584 0.9999967
vn -0.002466914 0.999996 0.001375988
vn -0.002190748 0.001370584 -0.9999967
vn 0.002466914 -0.999996 -0.001375988
vn 0.9999946 0.00246992 -0.002187358
vn -0.9999946 -0.00246992 0.002187358
usemtl big-cube-material(Clone)_(Instance)_1
f 25/1/13 26/2/13 27/3/13
f 25/1/13 28/4/13 26/2/13
f 27/1/14 29/2/14 30/3/14
f 27/1/14 26/4/14 29/2/14
f 30/1/15 31/2/15 32/3/15
f 30/1/15 29/4/15 31/2/15
f 32/1/16 28/2/16 25/3/16
f 32/1/16 31/4/16 28/2/16
f 28/1/17 29/2/17 26/3/17
f 28/1/17 31/4/17 29/2/17
f 32/1/18 27/2/18 30/3/18
f 32/1/18 25/4/18 27/2/18
o GridCube_0:2
v -0.1000813 0.0007638585 0.7006164
v 0.1002616 0.2004193 0.7012942
v -0.09973799 0.2007631 0.7010509
v 0.09991827 0.0004200202 0.7008597
v 0.1005056 0.2008534 0.5012949
v -0.09949397 0.2011973 0.5010515
v 0.1001623 0.0008541841 0.5008603
v -0.09983727 0.001198022 0.500617
vn -0.001220135 -0.00217082 0.9999969
vn 0.001716546 0.9999962 0.002172912
vn 0.001220135 0.00217082 -0.9999969
vn -0.001716546 -0.9999962 -0.002172912
vn 0.9999978 -0.001719191 0.001216404
vn -0.9999978 0.001719191 -0.001216404
usemtl big-cube-material(Clone)_(Instance)_2
f 33/1/19 34/2/19 35/3/19
f 33/1/19 36/4/19 34/2/19
f 35/1/20 37/2/20 38/3/20
f 35/1/20 34/4/20 37/2/20
f 38/1/21 39/2/21 40/3/21
f 38/1/21 37/4/21 39/2/21
f 40/1/22 36/2/22 33/3/22
f 40/1/22 39/4/22 36/2/22
f 36/1/23 37/2/23 34/3/23
f 36/1/23 39/4/23 37/2/23
f 40/1/24 35/2/24 38/3/24
f 40/1/24 33/4/24 35/2/24
o GridPlank_0
v -0.09239 0.2998644 1.108241
v 0.1076373 0.1999821 1.104687
v 0.10758 0.2999821 1.104776
v -0.09233269 0.1998645 1.108152
v 0.09897386 0.2004222 0.604762
v 0.09891655 0.3004222 0.604851
v -0.1009961 0.2003045 0.6082273
v -0.1010534 0.3003045 0.6083162
vt 1 0.5
vt 0 0.5
vt 2.5 0.5
vt 2.5 0
vt 2.5 1
vn 0.01732683 -0.0008801519 0.9998495
vn 0.9998497 0.0005883574 -0.01732635
vn -0.01732683 0.0008801519 -0.9998495
vn -0.9998497 -0.0005883574 0.01732635
vn -0.0005730688 0.9999994 0.0008901356
vn 0.0005730688 -0.9999994 -0.0008901356
usemtl plank-material(Clone)_(Instance)
f 41/1/25 42/5/25 43/4/25
f 41/1/25 44/6/25 42/5/25
f 43/1/26 45/7/26 46/8/26
f 43/1/26 42/6/26 45/7/26
f 46/4/27 47/6/27 48/1/27
f 46/4/27 45/5/27 47/6/27
f 48/8/28 44/6/28 41/1/28
f 48/8/28 47/7/28 44/6/28
f 43/3/29 48/8/29 41/1/29
f 43/3/29 46/9/29 48/8/29
f 45/9/30 44/1/30 47/8/30
f 45/9/30 42/3/30 44/1/30
o GridPlank_0:1
v -0.09599263 0.3009398 -0.4998664
v 0.1038897 0.2007148 -0.5012929
v 0.1040007 0.3007146 -0.5014813
v -0.09610371 0.20094 -0.499678
v 0.09985144 0.1997771 -1.001276
v 0.09996253 0.2997769 -1.001464
v -0.1001419 0.2000024 -0.9996608
v -0.1000308 0.3000022 -0.9998493
vn 0.008076428 0.001875251 0.9999657
vn 0.9999668 -0.00112617 -0.008074432
vn -0.008076428 -0.001875251 -0.9999657
vn -0.9999668 0.00112617 0.008074432
vn 0.001110852 0.9999976 -0.001884341
vn -0.001110852 -0.9999976 0.001884341
usemtl plank-material(Clone)_(Instance)_1
f 49/1/31 50/5/31 51/4/31
f 49/1/31 52/6/31 50/5/31
f 51/1/32 53/7/32 54/8/32
f 51/1/32 50/6/32 53/7/32
f 54/4/33 55/6/33 56/1/33
f 54/4/33 53/5/33 55/6/33
f 56/8/34 52/6/34 49/1/34
f 56/8/34 55/7/34 52/6/34
f 51/3/35 56/8/35 49/1/35
f 51/3/35 54/9/35 56/8/35
f 53/9/36 52/1/36 55/8/36
f 53/9/36 50/3/36 52/1/36
o GridPlank_0:2
v -0.09945112 0.2994914 0.001113433
v 0.1006179 0.1996314 0.0005123205
v 0.100548 0.2996314 0.0005379505
v -0.09938121 0.1994914 0.001087803
v 0.09917912 0.1997586 -0.4994856
v 0.0991092 0.2997586 -0.49946
v -0.10082 0.1996186 -0.4989101
v -0.1008899 0.2996186 -0.4988845
vn 0.002877593 -0.0002543628 0.9999958
vn 0.9999956 0.0006998778 -0.002877414
vn -0.002877593 0.0002543628 -0.9999958
vn -0.9999956 -0.0006998778 0.002877414
vn -0.0006991625 0.9999997 0.0002563
vn 0.0006991625 -0.9999997 -0.0002563
usemtl plank-material(Clone)_(Instance)_2
f 57/1/37 58/5/37 59/4/37
f 57/1/37 60/6/37 58/5/37
f 59/1/38 61/7/38 62/8/38
f 59/1/38 58/6/38 61/7/38
f 62/4/39 63/6/39 64/1/39
f 62/4/39 61/5/39 63/6/39
f 64/8/40 60/6/40 57/1/40
f 64/8/40 63/7/40 60/6/40
f 59/3/41 64/8/41 57/1/41
f 59/3/41 62/9/41 64/8/41
f 61/9/42 60/1/42 63/8/42
f 61/9/42 58/3/42 60/1/42
o GridPlank_0:3
v -0.100267 0.2998338 0.6026869
v 0.09962787 0.199624 0.6025878
v 0.09973282 0.2996239 0.6025811
v -0.100372 0.1998339 0.6026936
v 0.09936353 0.199591 0.1025879
v 0.09946847 0.2995909 0.1025812
v -0.1006363 0.1998009 0.1026936
v -0.1005314 0.2998008 0.1026869
vn 0.0005286932 6.592274E-05 0.9999999
vn 0.9999993 -0.001049399 -0.000528574
vn -0.0005286932 -6.592274E-05 -0.9999999
vn -0.9999993 0.001049399 0.000528574
vn 0.001049399 0.9999995 -6.651878E-05
vn -0.001049399 -0.9999995 6.651878E-05
usemtl plank-material(Clone)_(Instance)_3
f 65/1/43 66/5/43 67/4/43
f 65/1/43 68/6/43 66/5/43
f 67/1/44 69/7/44 70/8/44
f 67/1/44 66/6/44 69/7/44
f 70/4/45 71/6/45 72/1/45
f 70/4/45 69/5/45 71/6/45
f 72/8/46 68/6/46 65/1/46
f 72/8/46 71/7/46 68/6/46
f 67/3/47 72/8/47 65/1/47
f 67/3/47 70/9/47 72/8/47
f 69/9/48 68/1/48 71/8/48
f 69/9/48 66/3/48 68/1/48
