mtllib export_20250324T141530.mtl

o Plane/BasicEnvironment/StartCube-1
v 0.09999988 0 1.1
v 0.09999991 0.2 0.9000001
v 0.09999988 0.2 1.1
v 0.09999991 0 0.9000001
v -0.1000001 0.2 0.9000001
v -0.1000002 0.2 1.1
v -0.1000001 0 0.9000001
v -0.1000002 0 1.1
vt 0 0
vt 1 1
vt 0 1
vt 1 0
vn 1 0 1.192093E-07
vn 0 1 0
vn -1 0 -1.192093E-07
vn 0 -1 0
vn 1.192093E-07 0 -1
vn -1.192093E-07 0 1
usemtl big-cube-material-dark
f 1/1/1 2/2/1 3/3/1
f 1/1/1 4/4/1 2/2/1
f 3/1/2 5/2/2 6/3/2
f 3/1/2 2/4/2 5/2/2
f 6/1/3 7/2/3 8/3/3
f 6/1/3 5/4/3 7/2/3
f 8/1/4 4/2/4 1/3/4
f 8/1/4 7/4/4 4/2/4
f 4/1/5 5/2/5 2/3/5
f 4/1/5 7/4/5 5/2/5
f 8/1/6 3/2/6 6/3/6
f 8/1/6 1/4/6 3/2/6
o Plane/BasicEnvironment/StartCube-2
v 0.1000001 0 -0.9000001
v 0.1000002 0.2 -1.1
v 0.1000001 0.2 -0.9000001
v 0.1000002 0 -1.1
v -0.09999988 0.2 -1.1
v -0.09999991 0.2 -0.9000001
v -0.09999988 0 -1.1
v -0.09999991 0 -0.9000001
usemtl big-cube-material-dark
f 9/1/1 10/2/1 11/3/1
f 9/1/1 12/4/1 10/2/1
f 11/1/2 13/2/2 14/3/2
f 11/1/2 10/4/2 13/2/2
f 14/1/3 15/2/3 16/3/3
f 14/1/3 13/4/3 15/2/3
f 16/1/4 12/2/4 9/3/4
f 16/1/4 15/4/4 12/2/4
f 12/1/5 13/2/5 10/3/5
f 12/1/5 15/4/5 13/2/5
f 16/1/6 11/2/6 14/3/6
f 16/1/6 9/4/6 11/2/6
o GridPlank_0
v -0.1489413 0.0006405053 -0.5555922
v -0.2488938 0.200663 -0.5563158
v -0.1488969 0.2006405 -0.5555307
v -0.2489383 0.0006629789 -0.5563773
v -0.2528192 0.2005101 -0.05633121
v -0.1528222 0.2004876 -0.05554615
v -0.2528636 0.0005100879 -0.05639272
v -0.1528667 0.0004876142 -0.05560766
vt 1 0.5
vt 0 0.5
vt 2.5 0.5
vt 2.5 0
vt 2.5 1
vn 0.007850707 0.0003057821 -0.9999692
vn 0.0002223291 0.9999999 0.000307537
vn -0.007850707 -0.0003057821 0.9999692
vn -0.0002223291 -0.9999999 -0.000307537
vn 0.9999692 -0.0002247366 0.007850647
vn -0.9999692 0.0002247366 -0.007850647
usemtl plank-material(Clone)_(Instance)
f 17/1/7 18/5/7 19/4/7
f 17/1/7 20/6/7 18/5/7
f 19/1/8 21/7/8 22/8/8
f 19/1/8 18/6/8 21/7/8
f 22/4/9 23/6/9 24/1/9
f 22/4/9 21/5/9 23/6/9
f 24/8/10 20/6/10 17/1/10
f 24/8/10 23/7/10 20/6/10
f 19/3/11 24/8/11 17/1/11
f 19/3/11 22/9/11 24/8/11
f 21/9/12 20/1/12 23/8/12
f 21/9/12 18/3/12 20/1/12
o GridPlank_0:1
v -0.1008214 0.0008089839 -1.05617
v -0.2008429 0.200798 -1.055869
v -0.1008439 0.2008089 -1.056301
v -0.2008205 0.0007980332 -1.055739
v -0.1986854 0.2011241 -0.5558739
v -0.09868636 0.201135 -0.5563054
v -0.198663 0.001124099 -0.5557436
v -0.09866389 0.00113505 -0.5561751
vn -0.004315018 -0.0006521315 -0.9999905
vn -0.0001123201 0.9999998 -0.0006516531
vn 0.004315018 0.0006521315 0.9999905
vn 0.0001123201 -0.9999998 0.0006516531
vn 0.9999907 0.0001095072 -0.004315018
vn -0.9999907 -0.0001095072 0.004315018
usemtl plank-material(Clone)_(Instance)_1
f 25/1/13 26/5/13 27/4/13
f 25/1/13 28/6/13 26/5/13
f 27/1/14 29/7/14 30/8/14
f 27/1/14 26/6/14 29/7/14
f 30/4/15 31/6/15 32/1/15
f 30/4/15 29/5/15 31/6/15
f 32/8/16 28/6/16 25/1/16
f 32/8/16 31/7/16 28/6/16
f 27/3/17 32/8/17 25/1/17
f 27/3/17 30/9/17 32/8/17
f 29/9/18 28/1/18 31/8/18
f 29/9/18 26/3/18 28/1/18
o GridPlank_0:2
v -0.202742 0.001085403 1.051072
v -0.1026434 0.2010358 1.050742
v -0.2026434 0.2010851 1.050735
v -0.102742 0.001036103 1.051078
v -0.1026117 0.2001947 0.5507423
v -0.2026117 0.200244 0.5507359
v -0.1027103 0.0001950392 0.5510787
v -0.2027103 0.0002443385 0.5510723
vn -6.341933E-05 0.001682128 0.9999986
vn 0.0004931 0.9999985 -0.001682097
vn 6.341933E-05 -0.001682128 -0.9999986
vn -0.0004931 -0.9999985 0.001682097
vn -0.9999999 0.0004929928 -6.42538E-05
vn 0.9999999 -0.0004929928 6.42538E-05
usemtl plank-material(Clone)_(Instance)_2
f 33/1/19 34/5/19 35/4/19
f 33/1/19 36/6/19 34/5/19
f 35/1/20 37/7/20 38/8/20
f 35/1/20 34/6/20 37/7/20
f 38/4/21 39/6/21 40/1/21
f 38/4/21 37/5/21 39/6/21
f 40/8/22 36/6/22 33/1/22
f 40/8/22 39/7/22 36/6/22
f 35/3/23 40/8/23 33/1/23
f 35/3/23 38/9/23 40/8/23
f 37/9/24 36/1/24 39/8/24
f 37/9/24 34/3/24 36/1/24
o GridSmallCube_0
v -0.1493691 0.0009977573 0.4475279
v -0.2493822 0.1009847 0.4474781
v -0.1493822 0.1009978 0.4474931
v -0.2493691 0.0009846709 0.447513
v -0.2493972 0.1010195 0.5474781
v -0.1493972 0.1010326 0.5474931
v -0.2493841 0.001019525 0.5475129
v -0.1493841 0.001032611 0.5475279
vn 0.0001498431 -0.0003485367 -0.9999999
vn -0.0001308119 0.9999999 -0.0003485563
vn -0.0001498431 0.0003485367 0.9999999
vn 0.0001308119 -0.9999999 0.0003485563
vn -1 -0.0001308641 -0.0001497975
vn 1 0.0001308641 0.0001497975
usemtl small-cube-material(Clone)_(Instance)
f 41/1/25 42/2/25 43/3/25
f 41/1/25 44/4/25 42/2/25
f 43/1/26 45/2/26 46/3/26
f 43/1/26 42/4/26 45/2/26
f 46/1/27 47/2/27 48/3/27
f 46/1/27 45/4/27 47/2/27
f 48/1/28 44/2/28 41/3/28
f 48/1/28 47/4/28 44/2/28
f 44/1/29 45/2/29 42/3/29
f 44/1/29 47/4/29 45/2/29
f 48/1/30 43/2/30 46/3/30
f 48/1/30 41/4/30 43/2/30
o GridPlank_0:3
v -0.1530328 0.001435294 -0.05659477
v -0.2528463 0.2015276 -0.05717035
v -0.1528513 0.2014348 -0.05616908
v -0.2530278 0.001528165 -0.05759604
v -0.2578536 0.200468 0.4428035
v -0.1578587 0.2003751 0.4438048
v -0.2580351 0.0004685376 0.4423779
v -0.1580402 0.0003756674 0.4433791
vn 0.01001471 0.002119254 -0.9999476
vn 0.0009074336 0.9999973 0.002128447
vn -0.01001471 -0.002119254 0.9999476
vn -0.0009074336 -0.9999973 -0.002128447
vn 0.9999494 -0.000928702 0.01001274
vn -0.9999494 0.000928702 -0.01001274
usemtl plank-material(Clone)_(Instance)_3
f 49/1/31 50/5/31 51/4/31
f 49/1/31 52/6/31 50/5/31
f 51/1/32 53/7/32 54/8/32
f 51/1/32 50/6/32 53/7/32
f 54/4/33 55/6/33 56/1/33
f 54/4/33 53/5/33 55/6/33
f 56/8/34 52/6/34 49/1/34
f 56/8/34 55/7/34 52/6/34
f 51/3/35 56/8/35 49/1/35
f 51/3/35 54/9/35 56/8/35
f 53/9/36 52/1/36 55/8/36
f 53/9/36 50/3/36 52/1/36
o GridSmallCube_0:1
v -0.1495908 0.2006955 0.4498893
v -0.2502771 0.2008805 0.5491982
v -0.1502797 0.2011101 0.5498861
v -0.2495882 0.2004659 0.4492014
v -0.2500504 0.1008816 0.5496143
v -0.150053 0.1011112 0.5503023
v -0.2493615 0.100467 0.4496176
v -0.1493641 0.1006966 0.4503055
vn -0.002267423 0.9999887 -0.004161716
vn -0.006888872 0.004146039 0.9999677
vn 0.002267423 -0.9999887 0.004161716
vn 0.006888872 -0.004146039 -0.9999677
vn -0.9999737 -0.002296019 -0.006879394
vn 0.9999737 0.002296019 0.006879394
usemtl small-cube-material(Clone)_(Instance)_1
f 57/1/37 58/2/37 59/3/37
f 57/1/37 60/4/37 58/2/37
f 59/1/38 61/2/38 62/3/38
f 59/1/38 58/4/38 61/2/38
f 62/1/39 63/2/39 64/3/39
f 62/1/39 61/4/39 63/2/39
f 64/1/40 60/2/40 57/3/40
f 64/1/40 63/4/40 60/2/40
f 60/1/41 61/2/41 58/3/41
f 60/1/41 63/4/41 61/2/41
f 64/1/42 59/2/42 62/3/42
f 64/1/42 57/4/42 59/2/42
o GridPlank_0:4
v -0.9103541 0.0009922872 1.055517
v -1.010337 0.2009995 1.056297
v -0.9103397 0.2009923 1.055515
v -1.010351 0.0009994977 1.056298
v -1.00643 0.2010034 1.556281
v -0.9064331 0.2009962 1.5555
v -1.006444 0.00100341 1.556283
v -0.9064475 0.0009961999 1.555502
vn -0.007813214 -7.825535E-06 -0.9999695
vn 7.204257E-05 1 -8.388663E-06
vn 0.007813214 7.825535E-06 0.9999695
vn -7.204257E-05 -1 8.388663E-06
vn 0.9999695 -7.21059E-05 -0.007813214
vn -0.9999695 7.21059E-05 0.007813214
usemtl plank-material(Clone)
f 65/1/43 66/5/43 67/4/43
f 65/1/43 68/6/43 66/5/43
f 67/1/44 69/7/44 70/8/44
f 67/1/44 66/6/44 69/7/44
f 70/4/45 71/6/45 72/1/45
f 70/4/45 69/5/45 71/6/45
f 72/8/46 68/6/46 65/1/46
f 72/8/46 71/7/46 68/6/46
f 67/3/47 72/8/47 65/1/47
f 67/3/47 70/9/47 72/8/47
f 69/9/48 68/1/48 71/8/48
f 69/9/48 66/3/48 68/1/48
