mtllib export_20250325T151337.mtl

o Plane/BasicEnvironment/StartCube-1
v 0.09999988 0 1.1
v 0.09999991 0.2 0.9000001
v 0.09999988 0.2 1.1
v 0.09999991 0 0.9000001
v -0.1000001 0.2 0.9000001
v -0.1000002 0.2 1.1
v -0.1000001 0 0.9000001
v -0.1000002 0 1.1
vt 0 0
vt 1 1
vt 0 1
vt 1 0
vn 1 0 1.192093E-07
vn 0 1 0
vn -1 0 -1.192093E-07
vn 0 -1 0
vn 1.192093E-07 0 -1
vn -1.192093E-07 0 1
usemtl big-cube-material-dark
f 1/1/1 2/2/1 3/3/1
f 1/1/1 4/4/1 2/2/1
f 3/1/2 5/2/2 6/3/2
f 3/1/2 2/4/2 5/2/2
f 6/1/3 7/2/3 8/3/3
f 6/1/3 5/4/3 7/2/3
f 8/1/4 4/2/4 1/3/4
f 8/1/4 7/4/4 4/2/4
f 4/1/5 5/2/5 2/3/5
f 4/1/5 7/4/5 5/2/5
f 8/1/6 3/2/6 6/3/6
f 8/1/6 1/4/6 3/2/6
o Plane/BasicEnvironment/StartCube-2
v 0.1000001 0 -0.9000001
v 0.1000002 0.2 -1.1
v 0.1000001 0.2 -0.9000001
v 0.1000002 0 -1.1
v -0.09999988 0.2 -1.1
v -0.09999991 0.2 -0.9000001
v -0.09999988 0 -1.1
v -0.09999991 0 -0.9000001
usemtl big-cube-material-dark
f 9/1/1 10/2/1 11/3/1
f 9/1/1 12/4/1 10/2/1
f 11/1/2 13/2/2 14/3/2
f 11/1/2 10/4/2 13/2/2
f 14/1/3 15/2/3 16/3/3
f 14/1/3 13/4/3 15/2/3
f 16/1/4 12/2/4 9/3/4
f 16/1/4 15/4/4 12/2/4
f 12/1/5 13/2/5 10/3/5
f 12/1/5 15/4/5 13/2/5
f 16/1/6 11/2/6 14/3/6
f 16/1/6 9/4/6 11/2/6
o GridCube_0
v -0.101005 0.001206276 -0.1544406
v 0.09889142 0.201308 -0.1535728
v -0.1011038 0.2012056 -0.1549483
v 0.09899028 0.001308623 -0.153065
v 0.1002672 0.2008009 -0.3535674
v -0.09972804 0.2006985 -0.354943
v 0.1003661 0.0008015509 -0.3530597
v -0.09962919 0.0006992042 -0.3544352
vn -0.006878994 0.00253536 0.9999731
vn -0.0004942826 0.9999967 -0.00253882
vn 0.006878994 -0.00253536 -0.9999731
vn 0.0004942826 -0.9999967 0.00253882
vn 0.9999762 0.0005117338 0.006877718
vn -0.9999762 -0.0005117338 -0.006877718
usemtl big-cube-material(Clone)_(Instance)
f 17/1/7 18/2/7 19/3/7
f 17/1/7 20/4/7 18/2/7
f 19/1/8 21/2/8 22/3/8
f 19/1/8 18/4/8 21/2/8
f 22/1/9 23/2/9 24/3/9
f 22/1/9 21/4/9 23/2/9
f 24/1/10 20/2/10 17/3/10
f 24/1/10 23/4/10 20/2/10
f 20/1/11 21/2/11 18/3/11
f 20/1/11 23/4/11 21/2/11
f 24/1/12 19/2/12 22/3/12
f 24/1/12 17/4/12 19/2/12
o GridPlank_0
v 0.1007408 0.1996927 0.251089
v -0.09926426 0.2996636 0.2530407
v -0.09925077 0.1996637 0.2529276
v 0.1007273 0.2996926 0.2512021
v -0.1038608 0.3002285 -0.2469378
v -0.1038473 0.2002285 -0.2470509
v 0.09613074 0.3002575 -0.2487764
v 0.09614424 0.2002576 -0.2488895
vt 1 0.5
vt 0 0.5
vt 2.5 0.5
vt 2.5 0
vt 2.5 1
vn 0.009193064 -0.001129776 0.9999571
vn -0.9999577 -0.0001451969 0.009192825
vn -0.009193064 0.001129776 -0.9999571
vn 0.9999577 0.0001451969 -0.009192825
vn 0.0001348853 -0.9999993 -0.001131058
vn -0.0001348853 0.9999993 0.001131058
usemtl plank-material(Clone)_(Instance)
f 25/1/13 26/5/13 27/4/13
f 25/1/13 28/6/13 26/5/13
f 27/1/14 29/7/14 30/8/14
f 27/1/14 26/6/14 29/7/14
f 30/4/15 31/6/15 32/1/15
f 30/4/15 29/5/15 31/6/15
f 32/8/16 28/6/16 25/1/16
f 32/8/16 31/7/16 28/6/16
f 27/3/17 32/8/17 25/1/17
f 27/3/17 30/9/17 32/8/17
f 29/9/18 28/1/18 31/8/18
f 29/9/18 26/3/18 28/1/18
o GridCube_0:1
v -0.09743852 0.0005202141 0.1885088
v -0.1076594 0.2006507 0.3881167
v -0.09739143 0.2005202 0.1883805
v -0.1077065 0.0006507697 0.388245
v 0.09207687 0.2006103 0.3983847
v 0.1023448 0.2004797 0.1986485
v 0.09202977 0.0006103221 0.398513
v 0.1022977 0.0004797665 0.1987768
vn -0.9986812 0.0002022378 -0.05133998
vn 0.0002354847 0.9999998 -0.0006415343
vn 0.9986812 -0.0002022378 0.05133998
vn -0.0002354847 -0.9999998 0.0006415343
vn -0.05133986 0.000652778 0.998681
vn 0.05133986 -0.000652778 -0.998681
usemtl big-cube-material(Clone)_(Instance)_1
f 33/1/19 34/2/19 35/3/19
f 33/1/19 36/4/19 34/2/19
f 35/1/20 37/2/20 38/3/20
f 35/1/20 34/4/20 37/2/20
f 38/1/21 39/2/21 40/3/21
f 38/1/21 37/4/21 39/2/21
f 40/1/22 36/2/22 33/3/22
f 40/1/22 39/4/22 36/2/22
f 36/1/23 37/2/23 34/3/23
f 36/1/23 39/4/23 37/2/23
f 40/1/24 35/2/24 38/3/24
f 40/1/24 33/4/24 35/2/24
o GridPlank_0:1
v 0.09908132 0.3000051 -1.250615
v -0.1009891 0.2001471 -1.250156
v -0.1009181 0.3001471 -1.250168
v 0.09901039 0.2000052 -1.250603
v -0.09987088 0.2002092 -0.7501569
v -0.09979995 0.3002092 -0.7501695
v 0.1001286 0.2000673 -0.7506042
v 0.1001995 0.3000673 -0.7506168
vn -0.002236366 -0.0001242459 -0.9999975
vn -0.9999973 0.0007095337 0.002236247
vn 0.002236366 0.0001242459 0.9999975
vn 0.9999973 -0.0007095337 -0.002236247
vn 0.0007092953 0.9999998 -0.000125885
vn -0.0007092953 -0.9999998 0.000125885
usemtl plank-material(Clone)_(Instance)_1
f 41/1/25 42/5/25 43/4/25
f 41/1/25 44/6/25 42/5/25
f 43/1/26 45/7/26 46/8/26
f 43/1/26 42/6/26 45/7/26
f 46/4/27 47/6/27 48/1/27
f 46/4/27 45/5/27 47/6/27
f 48/8/28 44/6/28 41/1/28
f 48/8/28 47/7/28 44/6/28
f 43/3/29 48/8/29 41/1/29
f 43/3/29 46/9/29 48/8/29
f 45/9/30 44/1/30 47/8/30
f 45/9/30 42/3/30 44/1/30
o GridPlank_0:2
v 0.1076745 0.3005175 -0.7507994
v -0.09241819 0.2007147 -0.7492762
v -0.09231891 0.3007147 -0.7491916
v 0.1075753 0.2005176 -0.7508839
v -0.08839929 0.2002881 -0.2492925
v -0.08830001 0.300288 -0.249208
v 0.1115942 0.2000909 -0.2509002
v 0.1116934 0.3000908 -0.2508157
vn -0.008037806 0.0008533001 -0.9999674
vn -0.9999672 0.00098598 0.00803864
vn 0.008037806 -0.0008533001 0.9999674
vn 0.9999672 -0.00098598 -0.00803864
vn 0.000992775 0.9999992 0.0008453131
vn -0.000992775 -0.9999992 -0.0008453131
usemtl plank-material(Clone)_(Instance)_2
f 49/1/31 50/5/31 51/4/31
f 49/1/31 52/6/31 50/5/31
f 51/1/32 53/7/32 54/8/32
f 51/1/32 50/6/32 53/7/32
f 54/4/33 55/6/33 56/1/33
f 54/4/33 53/5/33 55/6/33
f 56/8/34 52/6/34 49/1/34
f 56/8/34 55/7/34 52/6/34
f 51/3/35 56/8/35 49/1/35
f 51/3/35 54/9/35 56/8/35
f 53/9/36 52/1/36 55/8/36
f 53/9/36 50/3/36 52/1/36
o GridTShape_0
v 0.03834616 0.2013305 0.8506069
v -0.06165711 0.1013976 0.8470341
v 0.0382715 0.1013307 0.8508117
v -0.06158245 0.2013974 0.8468292
v -0.05787963 0.1011901 0.7471057
v 0.04204898 0.1011232 0.7508833
v -0.05780497 0.2011899 0.7469009
v 0.04212364 0.201123 0.7506784
v -0.05410215 0.1009826 0.6471772
v 0.04582646 0.1009158 0.6509548
v -0.05402749 0.2009824 0.6469724
v 0.04590112 0.2009155 0.65075
v -0.05032467 0.1007751 0.5472488
v 0.04960394 0.1007083 0.5510264
v -0.05025001 0.2007749 0.547044
v 0.0496786 0.200708 0.5508216
v -0.0579543 0.001190342 0.7473105
v 0.04197431 0.001123468 0.7510881
v -0.05417681 0.0009828521 0.6473821
v 0.0457518 0.0009159785 0.6511596
vt 0.5 0.5
vt 0.5 0
vn -0.0377748 0.002074894 0.9992841
vn -0.0007466394 -0.9999976 0.002048151
vn 0.0377748 -0.002074894 -0.9992841
vn 0.0007466394 0.9999976 -0.002048151
vn 0.999286 -0.0006687366 0.03777611
vn -0.999286 0.0006687366 -0.03777611
usemtl plank-material(Clone)_(Instance)_3
f 57/1/37 58/10/37 59/11/37
f 57/1/37 60/6/37 58/10/37
f 59/1/38 61/10/38 62/11/38
f 59/1/38 58/6/38 61/10/38
f 62/11/39 63/6/39 64/1/39
f 62/11/39 61/10/39 63/6/39
f 64/11/40 60/6/40 57/1/40
f 64/11/40 63/10/40 60/6/40
f 59/6/41 64/11/41 57/1/41
f 59/6/41 62/10/41 64/11/41
f 61/10/42 60/1/42 63/11/42
f 61/10/42 58/6/42 60/1/42
f 62/1/38 65/10/38 66/11/38
f 62/1/38 61/6/38 65/10/38
f 66/11/39 67/6/39 68/1/39
f 66/11/39 65/10/39 67/6/39
f 68/11/40 63/6/40 64/1/40
f 68/11/40 67/10/40 63/6/40
f 62/6/41 68/11/41 64/1/41
f 62/6/41 66/10/41 68/11/41
f 65/10/42 63/1/42 67/11/42
f 65/10/42 61/6/42 63/1/42
f 66/1/38 69/10/38 70/11/38
f 66/1/38 65/6/38 69/10/38
f 70/11/39 71/6/39 72/1/39
f 70/11/39 69/10/39 71/6/39
f 72/11/40 67/6/40 68/1/40
f 72/11/40 71/10/40 67/6/40
f 66/6/41 72/11/41 68/1/41
f 66/6/41 70/10/41 72/11/41
f 69/10/42 67/1/42 71/11/42
f 69/10/42 65/6/42 67/1/42
f 62/1/37 73/10/37 74/11/37
f 62/1/37 61/6/37 73/10/37
f 74/1/38 75/10/38 76/11/38
f 74/1/38 73/6/38 75/10/38
f 76/11/39 65/6/39 66/1/39
f 76/11/39 75/10/39 65/6/39
f 74/6/41 66/11/41 62/1/41
f 74/6/41 76/10/41 66/11/41
f 75/10/42 61/1/42 65/11/42
f 75/10/42 73/6/42 61/1/42
o GridTShape_0:1
v 0.04677049 0.2007604 -0.5463026
v -0.05362404 0.1011787 -0.5484019
v 0.04635362 0.1007613 -0.5463303
v -0.05320717 0.2011778 -0.5483742
v -0.05155233 0.1011977 -0.6483804
v 0.04842534 0.1007804 -0.6463088
v -0.05113546 0.2011968 -0.6483527
v 0.04884221 0.2007795 -0.6462811
v -0.04948061 0.1012168 -0.7483589
v 0.05049705 0.1007994 -0.7462873
v -0.04906375 0.2012159 -0.7483312
v 0.05091392 0.2007985 -0.7462596
v -0.0474089 0.1012358 -0.8483375
v 0.05256876 0.1008184 -0.8462659
v -0.04699203 0.2012349 -0.8483098
v 0.05298563 0.2008176 -0.8462381
v -0.0519692 0.001198589 -0.6484081
v 0.04800847 0.0007812349 -0.6463365
v -0.04989748 0.001217636 -0.7483866
v 0.05008018 0.0008002819 -0.746315
vn -0.02071715 -0.0001904706 0.9997854
vn -0.004168699 -0.9999913 -0.000276892
vn 0.02071715 0.0001904706 -0.9997854
vn 0.004168699 0.9999913 0.000276892
vn 0.9997767 -0.004173541 0.02071619
vn -0.9997767 0.004173541 -0.02071619
usemtl plank-material(Clone)_(Instance)_4
f 77/1/43 78/10/43 79/11/43
f 77/1/43 80/6/43 78/10/43
f 79/1/44 81/10/44 82/11/44
f 79/1/44 78/6/44 81/10/44
f 82/11/45 83/6/45 84/1/45
f 82/11/45 81/10/45 83/6/45
f 84/11/46 80/6/46 77/1/46
f 84/11/46 83/10/46 80/6/46
f 79/6/47 84/11/47 77/1/47
f 79/6/47 82/10/47 84/11/47
f 81/10/48 80/1/48 83/11/48
f 81/10/48 78/6/48 80/1/48
f 82/1/44 85/10/44 86/11/44
f 82/1/44 81/6/44 85/10/44
f 86/11/45 87/6/45 88/1/45
f 86/11/45 85/10/45 87/6/45
f 88/11/46 83/6/46 84/1/46
f 88/11/46 87/10/46 83/6/46
f 82/6/47 88/11/47 84/1/47
f 82/6/47 86/10/47 88/11/47
f 85/10/48 83/1/48 87/11/48
f 85/10/48 81/6/48 83/1/48
f 86/1/44 89/10/44 90/11/44
f 86/1/44 85/6/44 89/10/44
f 90/11/45 91/6/45 92/1/45
f 90/11/45 89/10/45 91/6/45
f 92/11/46 87/6/46 88/1/46
f 92/11/46 91/10/46 87/6/46
f 86/6/47 92/11/47 88/1/47
f 86/6/47 90/10/47 92/11/47
f 89/10/48 87/1/48 91/11/48
f 89/10/48 85/6/48 87/1/48
f 82/1/43 93/10/43 94/11/43
f 82/1/43 81/6/43 93/10/43
f 94/1/44 95/10/44 96/11/44
f 94/1/44 93/6/44 95/10/44
f 96/11/45 85/6/45 86/1/45
f 96/11/45 95/10/45 85/6/45
f 94/6/47 86/11/47 82/1/47
f 94/6/47 96/10/47 86/11/47
f 95/10/48 81/1/48 85/11/48
f 95/10/48 93/6/48 81/1/48
o GridPlank_0:3
v 0.09227498 0.1995889 1.25222
v -0.1076832 0.2996673 1.253239
v -0.107723 0.1996674 1.253114
v 0.09231482 0.2995888 1.252345
v -0.1099177 0.3002935 0.7532442
v -0.1099576 0.2002936 0.7531191
v 0.09008031 0.300215 0.7523503
v 0.09004046 0.2002151 0.7522252
vn 0.004469036 -0.001252442 0.9999892
vn -0.9999899 0.0003926753 0.004469633
vn -0.004469036 0.001252442 -0.9999892
vn 0.9999899 -0.0003926753 -0.004469633
vn -0.0003984272 -0.9999991 -0.001250744
vn 0.0003984272 0.9999991 0.001250744
usemtl plank-material(Clone)_(Instance)_5
f 97/1/49 98/5/49 99/4/49
f 97/1/49 100/6/49 98/5/49
f 99/1/50 101/7/50 102/8/50
f 99/1/50 98/6/50 101/7/50
f 102/4/51 103/6/51 104/1/51
f 102/4/51 101/5/51 103/6/51
f 104/8/52 100/6/52 97/1/52
f 104/8/52 103/7/52 100/6/52
f 99/3/53 104/8/53 97/1/53
f 99/3/53 102/9/53 104/8/53
f 101/9/54 100/1/54 103/8/54
f 101/9/54 98/3/54 100/1/54
o GridSmallCube_0
v -0.04705027 0.001273431 0.6440527
v 0.0563156 0.0006856099 0.5475377
v 0.05289067 0.001005806 0.6474786
v -0.04362534 0.0009532347 0.5441119
v 0.05659404 0.1006847 0.5472269
v 0.05316911 0.1010049 0.6471677
v -0.04334691 0.1009524 0.5438011
v -0.04677184 0.1012726 0.6437419
vn -0.002784312 -0.9999913 0.003108382
vn 0.9994095 -0.002676249 0.03425795
vn 0.002784312 0.9999913 -0.003108382
vn -0.9994095 0.002676249 -0.03425795
vn 0.03424931 -0.003201962 -0.9994082
vn -0.03424931 0.003201962 0.9994082
usemtl small-cube-material(Clone)_(Instance)
f 105/1/55 106/2/55 107/3/55
f 105/1/55 108/4/55 106/2/55
f 107/1/56 109/2/56 110/3/56
f 107/1/56 106/4/56 109/2/56
f 110/1/57 111/2/57 112/3/57
f 110/1/57 109/4/57 111/2/57
f 112/1/58 108/2/58 105/3/58
f 112/1/58 111/4/58 108/2/58
f 108/1/59 109/2/59 106/3/59
f 108/1/59 111/4/59 109/2/59
f 112/1/60 107/2/60 110/3/60
f 112/1/60 105/4/60 107/2/60
o GridSmallCube_0:1
v -0.05375446 0.0007846204 0.8514585
v 0.04623876 0.1007914 0.851353
v -0.0537612 0.1007846 0.8514473
v 0.0462455 0.0007913506 0.8513643
v 0.04614449 0.1007801 0.7513531
v -0.05385547 0.1007734 0.7514473
v 0.04615123 0.0007801282 0.7513643
v -0.05384873 0.000773398 0.7514585
vn 0.0009426873 0.000112224 0.9999996
vn -6.740817E-05 1 -0.0001121605
vn -0.0009426873 -0.000112224 -0.9999996
vn 6.740817E-05 -1 0.0001121605
vn 0.9999996 6.730241E-05 -0.0009426948
vn -0.9999996 -6.730241E-05 0.0009426948
usemtl small-cube-material(Clone)_(Instance)_1
f 113/1/61 114/2/61 115/3/61
f 113/1/61 116/4/61 114/2/61
f 115/1/62 117/2/62 118/3/62
f 115/1/62 114/4/62 117/2/62
f 118/1/63 119/2/63 120/3/63
f 118/1/63 117/4/63 119/2/63
f 120/1/64 116/2/64 113/3/64
f 120/1/64 119/4/64 116/2/64
f 116/1/65 117/2/65 114/3/65
f 116/1/65 119/4/65 117/2/65
f 120/1/66 115/2/66 118/3/66
f 120/1/66 113/4/66 115/2/66
o GridSmallCube_0:2
v -0.04974172 0.000901714 -0.7489085
v 0.05031556 0.1008331 -0.7504143
v -0.04967679 0.1009013 -0.7491783
v 0.05025063 0.000833449 -0.7501443
v 0.0490795 0.100564 -0.8504062
v -0.05091285 0.1006322 -0.8491704
v 0.04901456 0.0005643442 -0.8501363
v -0.05097779 0.0006326092 -0.8489004
vn 0.01236065 0.002691047 0.99992
vn 0.0006493381 0.9999961 -0.00269928
vn -0.01236065 -0.002691047 -0.99992
vn -0.0006493381 -0.9999961 0.00269928
vn 0.9999234 -0.0006826509 -0.01235886
vn -0.9999234 0.0006826509 0.01235886
usemtl small-cube-material(Clone)_(Instance)_2
f 121/1/67 122/2/67 123/3/67
f 121/1/67 124/4/67 122/2/67
f 123/1/68 125/2/68 126/3/68
f 123/1/68 122/4/68 125/2/68
f 126/1/69 127/2/69 128/3/69
f 126/1/69 125/4/69 127/2/69
f 128/1/70 124/2/70 121/3/70
f 128/1/70 127/4/70 124/2/70
f 124/1/71 125/2/71 122/3/71
f 124/1/71 127/4/71 125/2/71
f 128/1/72 123/2/72 126/3/72
f 128/1/72 121/4/72 123/2/72
o GridSmallCube_0:3
v -0.0478112 0.0006957055 -0.5426998
v 0.0522868 0.1005805 -0.5408505
v -0.04770294 0.1006948 -0.5422809
v 0.05217853 0.0005814609 -0.5412694
v 0.05371765 0.1009979 -0.6408395
v -0.04627208 0.1011121 -0.6422698
v 0.05360939 0.0009988173 -0.6412584
v -0.04638034 0.001113062 -0.6426888
vn -0.01430858 -0.004173562 0.9998889
vn 0.001082621 0.9999906 0.004189481
vn 0.01430858 0.004173562 -0.9998889
vn -0.001082621 -0.9999906 -0.004189481
vn 0.9998971 -0.001142446 0.01430393
vn -0.9998971 0.001142446 -0.01430393
usemtl small-cube-material(Clone)_(Instance)_3
f 129/1/73 130/2/73 131/3/73
f 129/1/73 132/4/73 130/2/73
f 131/1/74 133/2/74 134/3/74
f 131/1/74 130/4/74 133/2/74
f 134/1/75 135/2/75 136/3/75
f 134/1/75 133/4/75 135/2/75
f 136/1/76 132/2/76 129/3/76
f 136/1/76 135/4/76 132/2/76
f 132/1/77 133/2/77 130/3/77
f 132/1/77 135/4/77 133/2/77
f 136/1/78 131/2/78 134/3/78
f 136/1/78 129/4/78 131/2/78
o GridPlank_0:4
v -0.09966297 0.2003344 0.2531496
v 0.1003137 0.3003751 0.2520565
v 0.1003343 0.2003751 0.2521066
v -0.09968361 0.3003343 0.2530995
v 0.1029212 0.3006264 0.7520497
v 0.1029418 0.2006264 0.7520998
v -0.09707614 0.3005857 0.7530926
v -0.0970555 0.2005857 0.7531428
vn -0.005214929 -0.0005026758 -0.9999863
vn 0.9999864 0.0002037287 -0.005214899
vn 0.005214929 0.0005026758 0.9999863
vn -0.9999864 -0.0002037287 0.005214899
vn 0.0002064109 -0.9999999 0.0005015135
vn -0.0002064109 0.9999999 -0.0005015135
usemtl plank-material(Clone)_(Instance)_6
f 137/1/79 138/5/79 139/4/79
f 137/1/79 140/6/79 138/5/79
f 139/1/80 141/7/80 142/8/80
f 139/1/80 138/6/80 141/7/80
f 142/4/81 143/6/81 144/1/81
f 142/4/81 141/5/81 143/6/81
f 144/8/82 140/6/82 137/1/82
f 144/8/82 143/7/82 140/6/82
f 139/3/83 144/8/83 137/1/83
f 139/3/83 142/9/83 144/8/83
f 141/9/84 140/1/84 143/8/84
f 141/9/84 138/3/84 140/1/84
o GridSmallCube_0:4
v -0.04996404 0.0009365312 -1.152158
v 0.05000772 0.1009648 -1.152104
v -0.04999231 0.1009365 -1.152089
v 0.05003599 0.0009648094 -1.152172
v 0.04999314 0.1010331 -1.252104
v -0.05000689 0.1010048 -1.252089
v 0.05002141 0.001033149 -1.252172
v -0.04997862 0.001004871 -1.252158
vn 0.0001457778 -0.0006833962 0.9999998
vn -0.0002826824 0.9999997 0.0006834376
vn -0.0001457778 0.0006833962 -0.9999998
vn 0.0002826824 -0.9999997 -0.0006834376
vn 0.9999999 0.0002827818 -0.0001455845
vn -0.9999999 -0.0002827818 0.0001455845
usemtl small-cube-material(Clone)_(Instance)_4
f 145/1/85 146/2/85 147/3/85
f 145/1/85 148/4/85 146/2/85
f 147/1/86 149/2/86 150/3/86
f 147/1/86 146/4/86 149/2/86
f 150/1/87 151/2/87 152/3/87
f 150/1/87 149/4/87 151/2/87
f 152/1/88 148/2/88 145/3/88
f 152/1/88 151/4/88 148/2/88
f 148/1/89 149/2/89 146/3/89
f 148/1/89 151/4/89 149/2/89
f 152/1/90 147/2/90 150/3/90
f 152/1/90 145/4/90 147/2/90
o GridSmallCube_0:5
v 0.0498273 0.001071824 1.251177
v 0.04973821 0.1011638 1.151269
v 0.0497555 0.1010718 1.251269
v 0.04981001 0.001163888 1.151177
v -0.05026177 0.101092 1.151286
v -0.05024448 0.1009999 1.251286
v -0.05018997 0.001092071 1.151194
v -0.05017268 0.001000007 1.251194
vn 0.9999997 0.0007181697 -0.000172317
vn -0.0007180106 0.9999993 0.0009207677
vn -0.9999997 -0.0007181697 0.000172317
vn 0.0007180106 -0.9999993 -0.0009207677
vn -0.0001729727 0.0009206436 -0.9999996
vn 0.0001729727 -0.0009206436 0.9999996
usemtl small-cube-material(Clone)_(Instance)_5
f 153/1/91 154/2/91 155/3/91
f 153/1/91 156/4/91 154/2/91
f 155/1/92 157/2/92 158/3/92
f 155/1/92 154/4/92 157/2/92
f 158/1/93 159/2/93 160/3/93
f 158/1/93 157/4/93 159/2/93
f 160/1/94 156/2/94 153/3/94
f 160/1/94 159/4/94 156/2/94
f 156/1/95 157/2/95 154/3/95
f 156/1/95 159/4/95 157/2/95
f 160/1/96 155/2/96 158/3/96
f 160/1/96 153/4/96 155/2/96
o GridSmallCube_0:6
v -0.04312547 0.1000379 -1.250476
v 0.0569373 0.199975 -1.250603
v 0.05687451 0.09997507 -1.250482
v -0.04306268 0.2000378 -1.250597
v 0.05694334 0.2000962 -1.150603
v 0.05688055 0.1000963 -1.150482
v -0.04305665 0.200159 -1.150597
v -0.04311943 0.1001591 -1.150476
vn -6.038119E-05 -0.001212448 -0.9999993
vn 0.9999998 -0.0006278753 -5.961989E-05
vn 6.038119E-05 0.001212448 0.9999993
vn -0.9999998 0.0006278753 5.961989E-05
vn 0.0006278752 0.999999 -0.001212485
vn -0.0006278752 -0.999999 0.001212485
usemtl small-cube-material(Clone)_(Instance)_6
f 161/1/97 162/2/97 163/3/97
f 161/1/97 164/4/97 162/2/97
f 163/1/98 165/2/98 166/3/98
f 163/1/98 162/4/98 165/2/98
f 166/1/99 167/2/99 168/3/99
f 166/1/99 165/4/99 167/2/99
f 168/1/100 164/2/100 161/3/100
f 168/1/100 167/4/100 164/2/100
f 164/1/101 165/2/101 162/3/101
f 164/1/101 167/4/101 165/2/101
f 168/1/102 163/2/102 166/3/102
f 168/1/102 161/4/102 163/2/102
o GridSmallCube_0:7
v -0.05051119 0.09996613 1.250298
v 0.04973219 0.1997222 1.250223
v -0.05026753 0.1999658 1.250253
v 0.04948854 0.09972247 1.250267
v 0.04970169 0.1996774 1.150223
v -0.05029803 0.1999211 1.150253
v 0.04945804 0.09967769 1.150267
v -0.05054168 0.09992135 1.150298
vn 0.0003049868 0.0004477556 0.9999999
vn 0.00243652 0.999997 -0.0004484975
vn -0.0003049868 -0.0004477556 -0.9999999
vn -0.00243652 -0.999997 0.0004484975
vn 0.999997 -0.002436656 -0.0003038948
vn -0.999997 0.002436656 0.0003038948
usemtl small-cube-material(Clone)_(Instance)_7
f 169/1/103 170/2/103 171/3/103
f 169/1/103 172/4/103 170/2/103
f 171/1/104 173/2/104 174/3/104
f 171/1/104 170/4/104 173/2/104
f 174/1/105 175/2/105 176/3/105
f 174/1/105 173/4/105 175/2/105
f 176/1/106 172/2/106 169/3/106
f 176/1/106 175/4/106 172/2/106
f 172/1/107 173/2/107 170/3/107
f 172/1/107 175/4/107 173/2/107
f 176/1/108 171/2/108 174/3/108
f 176/1/108 169/4/108 171/2/108
