mtllib export_20250324T154029.mtl

o Plane/BasicEnvironment/StartCube-1
v 0.09999988 0 1.1
v 0.09999991 0.2 0.9000001
v 0.09999988 0.2 1.1
v 0.09999991 0 0.9000001
v -0.1000001 0.2 0.9000001
v -0.1000002 0.2 1.1
v -0.1000001 0 0.9000001
v -0.1000002 0 1.1
vt 0 0
vt 1 1
vt 0 1
vt 1 0
vn 1 0 1.192093E-07
vn 0 1 0
vn -1 0 -1.192093E-07
vn 0 -1 0
vn 1.192093E-07 0 -1
vn -1.192093E-07 0 1
usemtl big-cube-material-dark
f 1/1/1 2/2/1 3/3/1
f 1/1/1 4/4/1 2/2/1
f 3/1/2 5/2/2 6/3/2
f 3/1/2 2/4/2 5/2/2
f 6/1/3 7/2/3 8/3/3
f 6/1/3 5/4/3 7/2/3
f 8/1/4 4/2/4 1/3/4
f 8/1/4 7/4/4 4/2/4
f 4/1/5 5/2/5 2/3/5
f 4/1/5 7/4/5 5/2/5
f 8/1/6 3/2/6 6/3/6
f 8/1/6 1/4/6 3/2/6
o Plane/BasicEnvironment/StartCube-2
v 0.1000001 0 -0.9000001
v 0.1000002 0.2 -1.1
v 0.1000001 0.2 -0.9000001
v 0.1000002 0 -1.1
v -0.09999988 0.2 -1.1
v -0.09999991 0.2 -0.9000001
v -0.09999988 0 -1.1
v -0.09999991 0 -0.9000001
usemtl big-cube-material-dark
f 9/1/1 10/2/1 11/3/1
f 9/1/1 12/4/1 10/2/1
f 11/1/2 13/2/2 14/3/2
f 11/1/2 10/4/2 13/2/2
f 14/1/3 15/2/3 16/3/3
f 14/1/3 13/4/3 15/2/3
f 16/1/4 12/2/4 9/3/4
f 16/1/4 15/4/4 12/2/4
f 12/1/5 13/2/5 10/3/5
f 12/1/5 15/4/5 13/2/5
f 16/1/6 11/2/6 14/3/6
f 16/1/6 9/4/6 11/2/6
o GridPlank_0
v 0.09913997 0.2001691 -0.5497057
v -0.1008083 0.3002712 -0.5501954
v -0.1008595 0.2002712 -0.5501493
v 0.09919116 0.3001691 -0.5497519
v -0.09969945 0.30004 -1.050194
v -0.09975064 0.20004 -1.050148
v 0.1003 0.2999379 -1.049751
v 0.1002489 0.1999379 -1.049704
vt 1 0.5
vt 0 0.5
vt 2.5 0.5
vt 2.5 0
vt 2.5 1
vn -0.00221777 0.0004624128 0.9999975
vn -0.9999974 0.0005106925 -0.002217829
vn 0.00221777 -0.0004624128 -0.9999975
vn 0.9999974 -0.0005106925 0.002217829
vn -0.0005118548 -0.9999998 0.0004612207
vn 0.0005118548 0.9999998 -0.0004612207
usemtl plank-material(Clone)_(Instance)
f 17/1/7 18/5/7 19/4/7
f 17/1/7 20/6/7 18/5/7
f 19/1/8 21/7/8 22/8/8
f 19/1/8 18/6/8 21/7/8
f 22/4/9 23/6/9 24/1/9
f 22/4/9 21/5/9 23/6/9
f 24/8/10 20/6/10 17/1/10
f 24/8/10 23/7/10 20/6/10
f 19/3/11 24/8/11 17/1/11
f 19/3/11 22/9/11 24/8/11
f 21/9/12 20/1/12 23/8/12
f 21/9/12 18/3/12 20/1/12
o GridCube_0
v -0.09992274 0.0005676567 -0.451237
v 0.09976855 0.2008759 -0.4513053
v -0.1002312 0.2005674 -0.4511522
v 0.100077 0.0008761702 -0.4513901
v 0.09961533 0.2009605 -0.6513053
v -0.1003844 0.2006519 -0.6511522
v 0.09992377 0.0009607107 -0.6513901
v -0.100076 0.0006521972 -0.651237
vn 0.0007661033 -0.0004227023 0.9999996
vn -0.001542244 0.9999987 0.0004238835
vn -0.0007661033 0.0004227023 -0.9999996
vn 0.001542244 -0.9999987 -0.0004238835
vn 0.9999985 0.001542567 -0.0007654504
vn -0.9999985 -0.001542567 0.0007654504
usemtl big-cube-material(Clone)_(Instance)
f 25/1/13 26/2/13 27/3/13
f 25/1/13 28/4/13 26/2/13
f 27/1/14 29/2/14 30/3/14
f 27/1/14 26/4/14 29/2/14
f 30/1/15 31/2/15 32/3/15
f 30/1/15 29/4/15 31/2/15
f 32/1/16 28/2/16 25/3/16
f 32/1/16 31/4/16 28/2/16
f 28/1/17 29/2/17 26/3/17
f 28/1/17 31/4/17 29/2/17
f 32/1/18 27/2/18 30/3/18
f 32/1/18 25/4/18 27/2/18
o GridCube_0:1
v -0.09987552 0.001153883 -0.04938443
v -0.09991396 0.2008101 0.1509588
v -0.09995075 0.2011536 -0.04904094
v -0.09983874 0.000810409 0.1506153
v 0.100086 0.2008854 0.1509221
v 0.1000492 0.2012289 -0.04907761
v 0.1001613 0.0008856987 0.1505786
v 0.1001245 0.001229173 -0.0494211
vn -0.9999999 -0.0003764482 0.0001833439
vn -0.000376133 0.9999985 0.001717439
vn 0.9999999 0.0003764482 -0.0001833439
vn 0.000376133 -0.9999985 -0.001717439
vn 0.0001839399 -0.001717369 0.9999985
vn -0.0001839399 0.001717369 -0.9999985
usemtl big-cube-material(Clone)_(Instance)_1
f 33/1/19 34/2/19 35/3/19
f 33/1/19 36/4/19 34/2/19
f 35/1/20 37/2/20 38/3/20
f 35/1/20 34/4/20 37/2/20
f 38/1/21 39/2/21 40/3/21
f 38/1/21 37/4/21 39/2/21
f 40/1/22 36/2/22 33/3/22
f 40/1/22 39/4/22 36/2/22
f 36/1/23 37/2/23 34/3/23
f 36/1/23 39/4/23 37/2/23
f 40/1/24 35/2/24 38/3/24
f 40/1/24 33/4/24 35/2/24
o GridPlank_0:1
v -0.104541 0.2997801 0.0001874231
v 0.09548288 0.199828 0.000232812
v 0.09545897 0.2998279 0.0001749001
v -0.1045171 0.1997802 0.000245335
v 0.09545165 0.1995384 -0.4997671
v 0.09542774 0.2995384 -0.499825
v -0.1045484 0.1994906 -0.4997546
v -0.1045723 0.2994906 -0.4998125
vn 6.246567E-05 0.0005790591 0.9999999
vn 1 0.0002390146 -6.261468E-05
vn -6.246567E-05 -0.0005790591 -0.9999999
vn -1 -0.0002390146 6.261468E-05
vn -0.000239104 0.9999998 -0.0005791187
vn 0.000239104 -0.9999998 0.0005791187
usemtl plank-material(Clone)_(Instance)_1
f 41/1/25 42/5/25 43/4/25
f 41/1/25 44/6/25 42/5/25
f 43/1/26 45/7/26 46/8/26
f 43/1/26 42/6/26 45/7/26
f 46/4/27 47/6/27 48/1/27
f 46/4/27 45/5/27 47/6/27
f 48/8/28 44/6/28 41/1/28
f 48/8/28 47/7/28 44/6/28
f 43/3/29 48/8/29 41/1/29
f 43/3/29 46/9/29 48/8/29
f 45/9/30 44/1/30 47/8/30
f 45/9/30 42/3/30 44/1/30
o GridPlank_0:2
v 0.10074 0.1997743 0.5480509
v -0.09926055 0.2997727 0.5483841
v -0.09925982 0.1997727 0.5483208
v 0.1007393 0.2997743 0.5481142
v -0.0999353 0.3000889 0.04838462
v -0.09993458 0.200089 0.04832136
v 0.1000645 0.3000906 0.04811471
v 0.1000653 0.2000906 0.04805144
vn 0.001349509 -0.0006325542 0.9999989
vn -0.9999991 -8.106231E-06 0.001349568
vn -0.001349509 0.0006325542 -0.9999989
vn 0.9999991 8.106231E-06 -0.001349568
vn 7.241964E-06 -0.9999998 -0.0006326436
vn -7.241964E-06 0.9999998 0.0006326436
usemtl plank-material(Clone)_(Instance)_2
f 49/1/31 50/5/31 51/4/31
f 49/1/31 52/6/31 50/5/31
f 51/1/32 53/7/32 54/8/32
f 51/1/32 50/6/32 53/7/32
f 54/4/33 55/6/33 56/1/33
f 54/4/33 53/5/33 55/6/33
f 56/8/34 52/6/34 49/1/34
f 56/8/34 55/7/34 52/6/34
f 51/3/35 56/8/35 49/1/35
f 51/3/35 54/9/35 56/8/35
f 53/9/36 52/1/36 55/8/36
f 53/9/36 50/3/36 52/1/36
o GridCube_0:2
v -0.09982394 0.000528988 0.7002248
v 0.1001315 0.200573 0.7007421
v -0.09986855 0.2005285 0.7006583
v 0.1001761 0.0005734223 0.7003087
v 0.1002152 0.2010064 0.5007426
v -0.09978483 0.200962 0.5006588
v 0.1002598 0.001006905 0.5003091
v -0.09974021 0.0009624702 0.5002253
vn -0.0004186205 -0.002167411 0.9999976
vn -0.0002230792 0.9999976 0.002167318
vn 0.0004186205 0.002167411 -0.9999976
vn 0.0002230792 -0.9999976 -0.002167318
vn 0.9999999 0.0002221714 0.000419103
vn -0.9999999 -0.0002221714 -0.000419103
usemtl big-cube-material(Clone)_(Instance)_2
f 57/1/37 58/2/37 59/3/37
f 57/1/37 60/4/37 58/2/37
f 59/1/38 61/2/38 62/3/38
f 59/1/38 58/4/38 61/2/38
f 62/1/39 63/2/39 64/3/39
f 62/1/39 61/4/39 63/2/39
f 64/1/40 60/2/40 57/3/40
f 64/1/40 63/4/40 60/2/40
f 60/1/41 61/2/41 58/3/41
f 60/1/41 63/4/41 61/2/41
f 64/1/42 59/2/42 62/3/42
f 64/1/42 57/4/42 59/2/42
o GridPlank_0:3
v 0.09988853 0.3004014 0.5483352
v -0.1002096 0.2005979 0.5482549
v -0.1001114 0.3005978 0.5483786
v 0.09979033 0.2004015 0.5482115
v -0.1001016 0.1999793 1.048254
v -0.1000034 0.2999792 1.048378
v 0.09989828 0.199783 1.048211
v 0.09999647 0.2997829 1.048335
vn -0.000215888 0.001237094 -0.9999992
vn -0.9999995 0.0009816885 0.0002171397
vn 0.000215888 -0.001237094 0.9999992
vn 0.9999995 -0.0009816885 -0.0002171397
vn 0.0009818971 0.9999987 0.001236916
vn -0.0009818971 -0.9999987 -0.001236916
usemtl plank-material(Clone)_(Instance)_3
f 65/1/43 66/5/43 67/4/43
f 65/1/43 68/6/43 66/5/43
f 67/1/44 69/7/44 70/8/44
f 67/1/44 66/6/44 69/7/44
f 70/4/45 71/6/45 72/1/45
f 70/4/45 69/5/45 71/6/45
f 72/8/46 68/6/46 65/1/46
f 72/8/46 71/7/46 68/6/46
f 67/3/47 72/8/47 65/1/47
f 67/3/47 70/9/47 72/8/47
f 69/9/48 68/1/48 71/8/48
f 69/9/48 66/3/48 68/1/48
