mtllib export_20250325T154948.mtl

o Plane/BasicEnvironment/StartCube-1
v 0.09999988 0 1.1
v 0.09999991 0.2 0.9000001
v 0.09999988 0.2 1.1
v 0.09999991 0 0.9000001
v -0.1000001 0.2 0.9000001
v -0.1000002 0.2 1.1
v -0.1000001 0 0.9000001
v -0.1000002 0 1.1
vt 0 0
vt 1 1
vt 0 1
vt 1 0
vn 1 0 1.192093E-07
vn 0 1 0
vn -1 0 -1.192093E-07
vn 0 -1 0
vn 1.192093E-07 0 -1
vn -1.192093E-07 0 1
usemtl big-cube-material-dark
f 1/1/1 2/2/1 3/3/1
f 1/1/1 4/4/1 2/2/1
f 3/1/2 5/2/2 6/3/2
f 3/1/2 2/4/2 5/2/2
f 6/1/3 7/2/3 8/3/3
f 6/1/3 5/4/3 7/2/3
f 8/1/4 4/2/4 1/3/4
f 8/1/4 7/4/4 4/2/4
f 4/1/5 5/2/5 2/3/5
f 4/1/5 7/4/5 5/2/5
f 8/1/6 3/2/6 6/3/6
f 8/1/6 1/4/6 3/2/6
o Plane/BasicEnvironment/StartCube-2
v 0.1000001 0 -0.9000001
v 0.1000002 0.2 -1.1
v 0.1000001 0.2 -0.9000001
v 0.1000002 0 -1.1
v -0.09999988 0.2 -1.1
v -0.09999991 0.2 -0.9000001
v -0.09999988 0 -1.1
v -0.09999991 0 -0.9000001
usemtl big-cube-material-dark
f 9/1/1 10/2/1 11/3/1
f 9/1/1 12/4/1 10/2/1
f 11/1/2 13/2/2 14/3/2
f 11/1/2 10/4/2 13/2/2
f 14/1/3 15/2/3 16/3/3
f 14/1/3 13/4/3 15/2/3
f 16/1/4 12/2/4 9/3/4
f 16/1/4 15/4/4 12/2/4
f 12/1/5 13/2/5 10/3/5
f 12/1/5 15/4/5 13/2/5
f 16/1/6 11/2/6 14/3/6
f 16/1/6 9/4/6 11/2/6
o GridTShape_0
v -0.0503484 0.1988443 -0.7523845
v 0.04957911 0.0987721 -0.7521539
v -0.05041062 0.09885812 -0.7507225
v 0.04964133 0.1987583 -0.7538159
v 0.0510117 0.1004331 -0.6521779
v -0.04897803 0.1005191 -0.6507466
v 0.05107392 0.2004192 -0.6538399
v -0.04891582 0.2005053 -0.6524086
v 0.05244428 0.102094 -0.552202
v -0.04754545 0.10218 -0.5507706
v 0.0525065 0.2020802 -0.553864
v -0.04748323 0.2021662 -0.5524327
v 0.05387687 0.103755 -0.452226
v -0.04611287 0.103841 -0.4507947
v 0.05393909 0.2037411 -0.453888
v -0.04605065 0.2038272 -0.4524567
v 0.05094948 0.0004468581 -0.6505159
v -0.04904025 0.0005328718 -0.6490846
v 0.05238207 0.002107809 -0.55054
v -0.04760767 0.002193823 -0.5491086
vt 0.5 0.5
vt 0.5 0
vt 0 0.5
vn -0.01432586 -0.01660951 -0.9997594
vn -0.0006221913 -0.9998617 0.01662012
vn 0.01432586 0.01660951 0.9997594
vn 0.0006221913 0.9998617 -0.01662012
vn -0.9998972 0.0008601368 0.01431322
vn 0.9998972 -0.0008601368 -0.01431322
usemtl plank-material(Clone)_(Instance)
f 17/1/7 18/5/7 19/6/7
f 17/1/7 20/7/7 18/5/7
f 19/1/8 21/5/8 22/6/8
f 19/1/8 18/7/8 21/5/8
f 22/6/9 23/7/9 24/1/9
f 22/6/9 21/5/9 23/7/9
f 24/6/10 20/7/10 17/1/10
f 24/6/10 23/5/10 20/7/10
f 19/7/11 24/6/11 17/1/11
f 19/7/11 22/5/11 24/6/11
f 21/5/12 20/1/12 23/6/12
f 21/5/12 18/7/12 20/1/12
f 22/1/8 25/5/8 26/6/8
f 22/1/8 21/7/8 25/5/8
f 26/6/9 27/7/9 28/1/9
f 26/6/9 25/5/9 27/7/9
f 28/6/10 23/7/10 24/1/10
f 28/6/10 27/5/10 23/7/10
f 22/7/11 28/6/11 24/1/11
f 22/7/11 26/5/11 28/6/11
f 25/5/12 23/1/12 27/6/12
f 25/5/12 21/7/12 23/1/12
f 26/1/8 29/5/8 30/6/8
f 26/1/8 25/7/8 29/5/8
f 30/6/9 31/7/9 32/1/9
f 30/6/9 29/5/9 31/7/9
f 32/6/10 27/7/10 28/1/10
f 32/6/10 31/5/10 27/7/10
f 26/7/11 32/6/11 28/1/11
f 26/7/11 30/5/11 32/6/11
f 29/5/12 27/1/12 31/6/12
f 29/5/12 25/7/12 27/1/12
f 22/1/7 33/5/7 34/6/7
f 22/1/7 21/7/7 33/5/7
f 34/1/8 35/5/8 36/6/8
f 34/1/8 33/7/8 35/5/8
f 36/6/9 25/7/9 26/1/9
f 36/6/9 35/5/9 25/7/9
f 34/7/11 26/6/11 22/1/11
f 34/7/11 36/5/11 26/6/11
f 35/5/12 21/1/12 25/6/12
f 35/5/12 33/7/12 21/1/12
o GridPlank_0
v -0.09848206 0.3001691 -0.6015881
v 0.1016517 0.2004389 -0.6009731
v 0.101517 0.3004388 -0.6010252
v -0.09834734 0.2001692 -0.6015361
v 0.1030595 0.2001804 -1.100971
v 0.1029248 0.3001803 -1.101023
v -0.09693947 0.1999107 -1.101534
v -0.0970742 0.2999106 -1.101586
vt 1 0.5
vt 2.5 0.5
vt 2.5 0
vt 2.5 1
vn -0.002815723 0.0005169809 0.9999959
vn 0.9999952 0.001348674 0.002815008
vn 0.002815723 -0.0005169809 -0.9999959
vn -0.9999952 -0.001348674 -0.002815008
vn -0.001347214 0.999999 -0.0005207062
vn 0.001347214 -0.999999 0.0005207062
usemtl plank-material(Clone)_(Instance)_1
f 37/1/13 38/8/13 39/4/13
f 37/1/13 40/7/13 38/8/13
f 39/1/14 41/9/14 42/10/14
f 39/1/14 38/7/14 41/9/14
f 42/4/15 43/7/15 44/1/15
f 42/4/15 41/8/15 43/7/15
f 44/10/16 40/7/16 37/1/16
f 44/10/16 43/9/16 40/7/16
f 39/3/17 44/10/17 37/1/17
f 39/3/17 42/11/17 44/10/17
f 41/11/18 40/1/18 43/10/18
f 41/11/18 38/3/18 40/1/18
o GridTShape_0:1
v 0.05295342 0.2012972 0.7928939
v -0.04714128 0.1014077 0.7946655
v 0.0528467 0.1012976 0.7931185
v -0.04703455 0.2014074 0.7944409
v -0.04868852 0.1011849 0.6946777
v 0.05129945 0.1010747 0.6931307
v -0.0485818 0.2011845 0.6944531
v 0.05140617 0.2010744 0.6929061
v -0.05023577 0.100962 0.5946899
v 0.04975221 0.1008518 0.5931429
v -0.05012905 0.2009617 0.5944654
v 0.04985893 0.2008515 0.5929183
v -0.05178302 0.1007391 0.4947021
v 0.04820496 0.1006289 0.4931551
v -0.0516763 0.2007388 0.4944776
v 0.04831168 0.2006286 0.4929306
v -0.04879525 0.001185167 0.6949022
v 0.05119273 0.00107498 0.6933553
v -0.0503425 0.0009622814 0.5949145
v 0.04964548 0.0008520943 0.5933675
vn 0.01547247 0.002228856 0.9998778
vn -0.001067256 -0.999997 0.002245637
vn -0.01547247 -0.002228856 -0.9998778
vn 0.001067256 0.999997 -0.002245637
vn 0.9998798 -0.001101871 -0.01547015
vn -0.9998798 0.001101871 0.01547015
usemtl plank-material(Clone)_(Instance)_2
f 45/1/19 46/5/19 47/6/19
f 45/1/19 48/7/19 46/5/19
f 47/1/20 49/5/20 50/6/20
f 47/1/20 46/7/20 49/5/20
f 50/6/21 51/7/21 52/1/21
f 50/6/21 49/5/21 51/7/21
f 52/6/22 48/7/22 45/1/22
f 52/6/22 51/5/22 48/7/22
f 47/7/23 52/6/23 45/1/23
f 47/7/23 50/5/23 52/6/23
f 49/5/24 48/1/24 51/6/24
f 49/5/24 46/7/24 48/1/24
f 50/1/20 53/5/20 54/6/20
f 50/1/20 49/7/20 53/5/20
f 54/6/21 55/7/21 56/1/21
f 54/6/21 53/5/21 55/7/21
f 56/6/22 51/7/22 52/1/22
f 56/6/22 55/5/22 51/7/22
f 50/7/23 56/6/23 52/1/23
f 50/7/23 54/5/23 56/6/23
f 53/5/24 51/1/24 55/6/24
f 53/5/24 49/7/24 51/1/24
f 54/1/20 57/5/20 58/6/20
f 54/1/20 53/7/20 57/5/20
f 58/6/21 59/7/21 60/1/21
f 58/6/21 57/5/21 59/7/21
f 60/6/22 55/7/22 56/1/22
f 60/6/22 59/5/22 55/7/22
f 54/7/23 60/6/23 56/1/23
f 54/7/23 58/5/23 60/6/23
f 57/5/24 55/1/24 59/6/24
f 57/5/24 53/7/24 55/1/24
f 50/1/19 61/5/19 62/6/19
f 50/1/19 49/7/19 61/5/19
f 62/1/20 63/5/20 64/6/20
f 62/1/20 61/7/20 63/5/20
f 64/6/21 53/7/21 54/1/21
f 64/6/21 63/5/21 53/7/21
f 62/7/23 54/6/23 50/1/23
f 62/7/23 64/5/23 54/6/23
f 63/5/24 49/1/24 53/6/24
f 63/5/24 61/7/24 49/1/24
o GridPlank_0:1
v 0.1041116 0.3004273 0.653704
v -0.09584025 0.2003332 0.6543405
v -0.09588682 0.3003331 0.6544785
v 0.1041582 0.2004274 0.653566
v -0.0939037 0.1996443 1.154336
v -0.09395026 0.2996442 1.154474
v 0.1060948 0.1997385 1.153562
v 0.1060482 0.2997384 1.1537
vn -0.00387311 0.001377881 -0.9999916
vn -0.9999924 -0.0004709959 0.003872425
vn 0.00387311 -0.001377881 0.9999916
vn 0.9999924 0.0004709959 -0.003872425
vn -0.0004656613 0.999999 0.001379728
vn 0.0004656613 -0.999999 -0.001379728
usemtl plank-material(Clone)_(Instance)_3
f 65/1/25 66/8/25 67/4/25
f 65/1/25 68/7/25 66/8/25
f 67/1/26 69/9/26 70/10/26
f 67/1/26 66/7/26 69/9/26
f 70/4/27 71/7/27 72/1/27
f 70/4/27 69/8/27 71/7/27
f 72/10/28 68/7/28 65/1/28
f 72/10/28 71/9/28 68/7/28
f 67/3/29 72/10/29 65/1/29
f 67/3/29 70/11/29 72/10/29
f 69/11/30 68/1/30 71/10/30
f 69/11/30 66/3/30 68/1/30
o GridPlank_0:2
v -0.1107049 0.2006452 0.1494224
v 0.08911837 0.3009889 0.1480867
v 0.08929034 0.2009891 0.1480914
v -0.1108769 0.3006451 0.1494177
v 0.09244574 0.3010182 0.6480756
v 0.09261771 0.2010183 0.6480803
v -0.1075495 0.3006743 0.6494066
v -0.1073776 0.2006744 0.6494113
vn -0.00665474 -5.847216E-05 -0.9999779
vn 0.9999764 0.001719356 -0.006654919
vn 0.00665474 5.847216E-05 0.9999779
vn -0.9999764 -0.001719356 0.006654919
vn 0.001719713 -0.9999985 4.708767E-05
vn -0.001719713 0.9999985 -4.708767E-05
usemtl plank-material(Clone)_(Instance)_4
f 73/1/31 74/8/31 75/4/31
f 73/1/31 76/7/31 74/8/31
f 75/1/32 77/9/32 78/10/32
f 75/1/32 74/7/32 77/9/32
f 78/4/33 79/7/33 80/1/33
f 78/4/33 77/8/33 79/7/33
f 80/10/34 76/7/34 73/1/34
f 80/10/34 79/9/34 76/7/34
f 75/3/35 80/10/35 73/1/35
f 75/3/35 78/11/35 80/10/35
f 77/11/36 76/1/36 79/10/36
f 77/11/36 74/3/36 76/1/36
o GridPlank_0:3
v -0.0479526 0.0007576863 0.2986926
v 0.05177837 0.2008906 0.2994439
v -0.04821968 0.2007575 0.2988341
v 0.05204546 0.0008907982 0.2993023
v 0.05482679 0.2012486 -0.2005467
v -0.04517126 0.2011155 -0.2011565
v 0.05509388 0.0012488 -0.2006882
v -0.04490418 0.001115688 -0.201298
vn -0.00609684 -0.0007160031 0.9999812
vn -0.00133546 0.9999989 0.0007078737
vn 0.00609684 0.0007160031 -0.9999812
vn 0.00133546 -0.9999989 -0.0007078737
vn -0.9999806 -0.001331119 -0.006097794
vn 0.9999806 0.001331119 0.006097794
usemtl plank-material(Clone)_(Instance)_5
f 81/1/37 82/8/37 83/4/37
f 81/1/37 84/7/37 82/8/37
f 83/1/38 85/9/38 86/10/38
f 83/1/38 82/7/38 85/9/38
f 86/4/39 87/7/39 88/1/39
f 86/4/39 85/8/39 87/7/39
f 88/10/40 84/7/40 81/1/40
f 88/10/40 87/9/40 84/7/40
f 83/3/41 88/10/41 81/1/41
f 83/3/41 86/11/41 88/10/41
f 85/11/42 84/1/42 87/10/42
f 85/11/42 82/3/42 84/1/42
o GridPlank_0:4
v 0.1010303 0.2007352 -0.0992952
v -0.09845202 0.3017639 -0.09923958
v -0.09896702 0.2017652 -0.09922645
v 0.1015453 0.3007339 -0.09930833
v -0.09862416 0.3016991 -0.5992396
v -0.09913916 0.2017004 -0.5992265
v 0.1013732 0.3006691 -0.5993083
v 0.1008582 0.2006704 -0.5992952
vn 0.0003442764 0.0001296401 0.9999999
vn -0.9999866 0.00514996 0.0003437102
vn -0.0003442764 -0.0001296401 -0.9999999
vn 0.9999866 -0.00514996 -0.0003437102
vn -0.005150019 -0.9999868 0.0001312494
vn 0.005150019 0.9999868 -0.0001312494
usemtl plank-material(Clone)_(Instance)_6
f 89/1/43 90/8/43 91/4/43
f 89/1/43 92/7/43 90/8/43
f 91/1/44 93/9/44 94/10/44
f 91/1/44 90/7/44 93/9/44
f 94/4/45 95/7/45 96/1/45
f 94/4/45 93/8/45 95/7/45
f 96/10/46 92/7/46 89/1/46
f 96/10/46 95/9/46 92/7/46
f 91/3/47 96/10/47 89/1/47
f 91/3/47 94/11/47 96/10/47
f 93/11/48 92/1/48 95/10/48
f 93/11/48 90/3/48 92/1/48
o GridCube_0
v 1.019503 0.000971408 -0.532396
v 1.019518 0.2010146 -0.7323529
v 1.019519 0.2009714 -0.5323529
v 1.019501 0.001014556 -0.732396
v 0.8195177 0.201031 -0.7323514
v 0.8195192 0.2009879 -0.5323514
v 0.8195012 0.001031025 -0.7323945
v 0.8195027 0.000987877 -0.5323945
vn 1 -8.234532E-05 -7.450581E-06
vn 8.234694E-05 1 0.0002157388
vn -1 8.234532E-05 7.450581E-06
vn -8.234694E-05 -1 -0.0002157388
vn -7.450581E-06 0.0002157394 -1
vn 7.450581E-06 -0.0002157394 1
usemtl big-cube-material(Clone)_(Instance)
f 97/1/49 98/2/49 99/3/49
f 97/1/49 100/4/49 98/2/49
f 99/1/50 101/2/50 102/3/50
f 99/1/50 98/4/50 101/2/50
f 102/1/51 103/2/51 104/3/51
f 102/1/51 101/4/51 103/2/51
f 104/1/52 100/2/52 97/3/52
f 104/1/52 103/4/52 100/2/52
f 100/1/53 101/2/53 98/3/53
f 100/1/53 103/4/53 101/2/53
f 104/1/54 99/2/54 102/3/54
f 104/1/54 97/4/54 99/2/54
o GridSmallCube_0
v -1.00879 0.0009982177 1.256293
v -1.008011 0.1009988 1.35629
v -1.008793 0.1009982 1.256293
v -1.008009 0.0009987891 1.35629
v -0.9080144 0.1010012 1.355508
v -0.9087958 0.1010007 1.255511
v -0.908012 0.001001242 1.355509
v -0.9087934 0.001000671 1.255512
vn -0.9999695 -2.453417E-05 0.007814168
vn -2.457807E-05 1 -5.521776E-06
vn 0.9999695 2.453417E-05 -0.007814168
vn 2.457807E-05 -1 5.521776E-06
vn 0.007814168 5.713664E-06 0.9999695
vn -0.007814168 -5.713664E-06 -0.9999695
usemtl small-cube-material(Clone)
f 105/1/55 106/2/55 107/3/55
f 105/1/55 108/4/55 106/2/55
f 107/1/56 109/2/56 110/3/56
f 107/1/56 106/4/56 109/2/56
f 110/1/57 111/2/57 112/3/57
f 110/1/57 109/4/57 111/2/57
f 112/1/58 108/2/58 105/3/58
f 112/1/58 111/4/58 108/2/58
f 108/1/59 109/2/59 106/3/59
f 108/1/59 111/4/59 109/2/59
f 112/1/60 107/2/60 110/3/60
f 112/1/60 105/4/60 107/2/60
