mtllib export_20250709T231007.mtl

o Plane/BasicEnvironment/StartCube-1
v 0.09999988 0 1.1
v 0.09999991 0.2 0.9000001
v 0.09999988 0.2 1.1
v 0.09999991 0 0.9000001
v -0.1000001 0.2 0.9000001
v -0.1000002 0.2 1.1
v -0.1000001 0 0.9000001
v -0.1000002 0 1.1
vt 0 0
vt 1 1
vt 0 1
vt 1 0
vn 1 0 1.192093E-07
vn 0 1 0
vn -1 0 -1.192093E-07
vn 0 -1 0
vn 1.192093E-07 0 -1
vn -1.192093E-07 0 1
usemtl big-cube-material-dark
f 1/1/1 2/2/1 3/3/1
f 1/1/1 4/4/1 2/2/1
f 3/1/2 5/2/2 6/3/2
f 3/1/2 2/4/2 5/2/2
f 6/1/3 7/2/3 8/3/3
f 6/1/3 5/4/3 7/2/3
f 8/1/4 4/2/4 1/3/4
f 8/1/4 7/4/4 4/2/4
f 4/1/5 5/2/5 2/3/5
f 4/1/5 7/4/5 5/2/5
f 8/1/6 3/2/6 6/3/6
f 8/1/6 1/4/6 3/2/6
o Plane/BasicEnvironment/StartCube-2
v 0.1000001 0 -0.9000001
v 0.1000002 0.2 -1.1
v 0.1000001 0.2 -0.9000001
v 0.1000002 0 -1.1
v -0.09999988 0.2 -1.1
v -0.09999991 0.2 -0.9000001
v -0.09999988 0 -1.1
v -0.09999991 0 -0.9000001
usemtl big-cube-material-dark
f 9/1/1 10/2/1 11/3/1
f 9/1/1 12/4/1 10/2/1
f 11/1/2 13/2/2 14/3/2
f 11/1/2 10/4/2 13/2/2
f 14/1/3 15/2/3 16/3/3
f 14/1/3 13/4/3 15/2/3
f 16/1/4 12/2/4 9/3/4
f 16/1/4 15/4/4 12/2/4
f 12/1/5 13/2/5 10/3/5
f 12/1/5 15/4/5 13/2/5
f 16/1/6 11/2/6 14/3/6
f 16/1/6 9/4/6 11/2/6
o GridSmallCube_5
v 0.06108063 0.1013861 0.707999
v -0.03865361 0.001234837 0.7127747
v -0.0388159 0.1012344 0.7125444
v 0.06124292 0.001386495 0.7082292
v -0.0341085 0.001472204 0.8126711
v -0.03427079 0.1014718 0.8124408
v 0.06578802 0.001623862 0.8081256
v 0.06562573 0.1016235 0.8078954
vn -0.04545105 -0.002373667 -0.9989638
vn -0.9989653 -0.001516581 0.04545472
vn 0.04545105 0.002373667 0.9989638
vn 0.9989653 0.001516581 -0.04545472
vn 0.001622915 -0.9999961 0.002302278
vn -0.001622915 0.9999961 -0.002302278
usemtl small-cube-material(Clone)
f 17/1/7 18/2/7 19/3/7
f 17/1/7 20/4/7 18/2/7
f 19/1/8 21/2/8 22/3/8
f 19/1/8 18/4/8 21/2/8
f 22/1/9 23/2/9 24/3/9
f 22/1/9 21/4/9 23/2/9
f 24/1/10 20/2/10 17/3/10
f 24/1/10 23/4/10 20/2/10
f 20/1/11 21/2/11 18/3/11
f 20/1/11 23/4/11 21/2/11
f 24/1/12 19/2/12 22/3/12
f 24/1/12 17/4/12 19/2/12
o GridTShape_12
v 0.06283693 0.3052084 0.9084389
v -0.0345988 0.2027916 0.9125721
v 0.06528146 0.2052383 0.9083352
v -0.03704333 0.3027617 0.9126758
v -0.03883693 0.2027916 0.8126619
v 0.06104333 0.2052383 0.808425
v -0.04128146 0.3027617 0.8127656
v 0.0585988 0.3052084 0.8085287
v -0.04307506 0.2027916 0.7127517
v 0.0568052 0.2052383 0.7085149
v -0.04551959 0.3027617 0.7128555
v 0.05436067 0.3052084 0.7086186
v -0.04731319 0.2027916 0.6128415
v 0.05256708 0.2052383 0.6086047
v -0.04975772 0.3027617 0.6129453
v 0.05012254 0.3052084 0.6087084
v -0.0363924 0.1028215 0.8125582
v 0.06348787 0.1052682 0.8083214
v -0.04063053 0.1028215 0.712648
v 0.05924973 0.1052682 0.7084112
vt 0.5 0.5
vt 0.5 0
vt 0 0.5
vn 0.04238128 0 0.9991015
vn 0.02444529 -0.9997007 -0.001036959
vn -0.04238128 0 -0.9991015
vn -0.02444529 0.9997007 0.001036959
vn 0.9988024 0.02446728 -0.04236888
vn -0.9988024 -0.02446728 0.04236888
usemtl plank-material(Clone)
f 25/1/13 26/5/13 27/6/13
f 25/1/13 28/7/13 26/5/13
f 27/1/14 29/5/14 30/6/14
f 27/1/14 26/7/14 29/5/14
f 30/6/15 31/7/15 32/1/15
f 30/6/15 29/5/15 31/7/15
f 32/6/16 28/7/16 25/1/16
f 32/6/16 31/5/16 28/7/16
f 27/7/17 32/6/17 25/1/17
f 27/7/17 30/5/17 32/6/17
f 29/5/18 28/1/18 31/6/18
f 29/5/18 26/7/18 28/1/18
f 30/1/14 33/5/14 34/6/14
f 30/1/14 29/7/14 33/5/14
f 34/6/15 35/7/15 36/1/15
f 34/6/15 33/5/15 35/7/15
f 36/6/16 31/7/16 32/1/16
f 36/6/16 35/5/16 31/7/16
f 30/7/17 36/6/17 32/1/17
f 30/7/17 34/5/17 36/6/17
f 33/5/18 31/1/18 35/6/18
f 33/5/18 29/7/18 31/1/18
f 34/1/14 37/5/14 38/6/14
f 34/1/14 33/7/14 37/5/14
f 38/6/15 39/7/15 40/1/15
f 38/6/15 37/5/15 39/7/15
f 40/6/16 35/7/16 36/1/16
f 40/6/16 39/5/16 35/7/16
f 34/7/17 40/6/17 36/1/17
f 34/7/17 38/5/17 40/6/17
f 37/5/18 35/1/18 39/6/18
f 37/5/18 33/7/18 35/1/18
f 30/1/13 41/5/13 42/6/13
f 30/1/13 29/7/13 41/5/13
f 42/1/14 43/5/14 44/6/14
f 42/1/14 41/7/14 43/5/14
f 44/6/15 33/7/15 34/1/15
f 44/6/15 43/5/15 33/7/15
f 42/7/17 34/6/17 30/1/17
f 42/7/17 44/5/17 34/6/17
f 43/5/18 29/1/18 33/6/18
f 43/5/18 41/7/18 29/1/18
o GridSmallCube_5 (1)
v 0.06063283 0.1012576 0.3929782
v -0.03859712 0.0005866507 0.3973121
v -0.03925811 0.1005841 0.3975985
v 0.06129382 0.001260171 0.3926917
v -0.03397496 0.0003310865 0.4972049
v -0.03463595 0.1003285 0.4974913
v 0.06591598 0.001004607 0.4925845
v 0.06525499 0.101002 0.492871
vn -0.04622158 0.002555642 -0.998928
vn -0.9989093 -0.006735205 0.04620349
vn 0.04622158 -0.002555642 0.998928
vn 0.9989093 0.006735205 -0.04620349
vn 0.006609918 -0.9999741 -0.002864165
vn -0.006609918 0.9999741 0.002864165
usemtl small-cube-material(Clone)
f 45/1/19 46/2/19 47/3/19
f 45/1/19 48/4/19 46/2/19
f 47/1/20 49/2/20 50/3/20
f 47/1/20 46/4/20 49/2/20
f 50/1/21 51/2/21 52/3/21
f 50/1/21 49/4/21 51/2/21
f 52/1/22 48/2/22 45/3/22
f 52/1/22 51/4/22 48/2/22
f 48/1/23 49/2/23 46/3/23
f 48/1/23 51/4/23 49/2/23
f 52/1/24 47/2/24 50/3/24
f 52/1/24 45/4/24 47/2/24
o GridTShape_12 (1)
v 0.06057075 0.3016585 0.589695
v -0.03633991 0.1988147 0.5953057
v 0.06352725 0.2017113 0.5910442
v -0.03929641 0.2987619 0.5939565
v -0.04056013 0.1973412 0.4954057
v 0.05930703 0.2002378 0.4911442
v -0.04351663 0.2972884 0.4940565
v 0.05635053 0.300185 0.4897949
v -0.04478035 0.1958678 0.3955057
v 0.05508681 0.1987644 0.3912441
v -0.04773685 0.295815 0.3941564
v 0.05213031 0.2987116 0.3898949
v -0.04900056 0.1943944 0.2956056
v 0.05086659 0.197291 0.291344
v -0.05195706 0.2943415 0.2942564
v 0.04791009 0.2972381 0.2899948
v -0.03760363 0.09739405 0.4967549
v 0.06226353 0.1002906 0.4924934
v -0.04182385 0.0959206 0.3968549
v 0.05804331 0.09881721 0.3925934
vn 0.04220217 0.01473445 0.9990004
vn 0.02956499 -0.9994718 0.01349244
vn -0.04220217 -0.01473445 -0.9990004
vn -0.02956499 0.9994718 -0.01349244
vn 0.9986716 0.02896603 -0.04261553
vn -0.9986716 -0.02896603 0.04261553
usemtl plank-material(Clone)
f 53/1/25 54/5/25 55/6/25
f 53/1/25 56/7/25 54/5/25
f 55/1/26 57/5/26 58/6/26
f 55/1/26 54/7/26 57/5/26
f 58/6/27 59/7/27 60/1/27
f 58/6/27 57/5/27 59/7/27
f 60/6/28 56/7/28 53/1/28
f 60/6/28 59/5/28 56/7/28
f 55/7/29 60/6/29 53/1/29
f 55/7/29 58/5/29 60/6/29
f 57/5/30 56/1/30 59/6/30
f 57/5/30 54/7/30 56/1/30
f 58/1/26 61/5/26 62/6/26
f 58/1/26 57/7/26 61/5/26
f 62/6/27 63/7/27 64/1/27
f 62/6/27 61/5/27 63/7/27
f 64/6/28 59/7/28 60/1/28
f 64/6/28 63/5/28 59/7/28
f 58/7/29 64/6/29 60/1/29
f 58/7/29 62/5/29 64/6/29
f 61/5/30 59/1/30 63/6/30
f 61/5/30 57/7/30 59/1/30
f 62/1/26 65/5/26 66/6/26
f 62/1/26 61/7/26 65/5/26
f 66/6/27 67/7/27 68/1/27
f 66/6/27 65/5/27 67/7/27
f 68/6/28 63/7/28 64/1/28
f 68/6/28 67/5/28 63/7/28
f 62/7/29 68/6/29 64/1/29
f 62/7/29 66/5/29 68/6/29
f 65/5/30 63/1/30 67/6/30
f 65/5/30 61/7/30 63/1/30
f 58/1/25 69/5/25 70/6/25
f 58/1/25 57/7/25 69/5/25
f 70/1/26 71/5/26 72/6/26
f 70/1/26 69/7/26 71/5/26
f 72/6/27 61/7/27 62/1/27
f 72/6/27 71/5/27 61/7/27
f 70/7/29 62/6/29 58/1/29
f 70/7/29 72/5/29 62/6/29
f 71/5/30 57/1/30 61/6/30
f 71/5/30 69/7/30 57/1/30
o GridSmallCube_5 (4)
v 0.06285613 0.1003866 0.08257554
v -0.03821415 0.001550798 0.08661216
v -0.03705025 0.1015439 0.08674407
v 0.06169223 0.0003934072 0.08244363
v -0.03404744 0.001370503 0.1865252
v -0.03288354 0.1013637 0.1866571
v 0.06585895 0.0002131117 0.1823566
v 0.06702285 0.1002063 0.1824885
vn -0.04166717 0.001802955 -0.99913
vn -0.9990638 0.01157391 0.04168529
vn 0.04166717 -0.001802955 0.99913
vn 0.9990638 -0.01157391 -0.04168529
vn -0.011639 -0.9999314 -0.001319012
vn 0.011639 0.9999314 0.001319012
usemtl small-cube-material(Clone)
f 73/1/31 74/2/31 75/3/31
f 73/1/31 76/4/31 74/2/31
f 75/1/32 77/2/32 78/3/32
f 75/1/32 74/4/32 77/2/32
f 78/1/33 79/2/33 80/3/33
f 78/1/33 77/4/33 79/2/33
f 80/1/34 76/2/34 73/3/34
f 80/1/34 79/4/34 76/2/34
f 76/1/35 77/2/35 74/3/35
f 76/1/35 79/4/35 77/2/35
f 80/1/36 75/2/36 78/3/36
f 80/1/36 73/4/36 75/2/36
o GridTShape_12 (4)
v 0.04592051 0.2949238 0.2819142
v -0.05090575 0.1918979 0.2851313
v 0.04899189 0.194971 0.2818122
v -0.05397714 0.2918507 0.2852334
v -0.0542265 0.1918979 0.1851865
v 0.04567114 0.194971 0.1818673
v -0.05729788 0.2918507 0.1852885
v 0.04259976 0.2949238 0.1819694
v -0.05754725 0.1918979 0.08524162
v 0.0423504 0.194971 0.08192245
v -0.06061863 0.2918507 0.08534367
v 0.03927901 0.2949238 0.0820245
v -0.060868 0.1918979 -0.01470323
v 0.03902965 0.194971 -0.0180224
v -0.06393938 0.2918507 -0.01460118
v 0.03595827 0.2949238 -0.01792035
v -0.05115512 0.09194513 0.1850844
v 0.04874253 0.09501821 0.1817653
v -0.05447587 0.09194513 0.08513957
v 0.04542178 0.09501821 0.08182041
vn 0.03320748 0 0.9994485
vn 0.03071382 -0.9995277 -0.00102049
vn -0.03320748 0 -0.9994485
vn -0.03071382 0.9995277 0.00102049
vn 0.9989765 0.03073076 -0.03319168
vn -0.9989765 -0.03073076 0.03319168
usemtl plank-material(Clone)
f 81/1/37 82/5/37 83/6/37
f 81/1/37 84/7/37 82/5/37
f 83/1/38 85/5/38 86/6/38
f 83/1/38 82/7/38 85/5/38
f 86/6/39 87/7/39 88/1/39
f 86/6/39 85/5/39 87/7/39
f 88/6/40 84/7/40 81/1/40
f 88/6/40 87/5/40 84/7/40
f 83/7/41 88/6/41 81/1/41
f 83/7/41 86/5/41 88/6/41
f 85/5/42 84/1/42 87/6/42
f 85/5/42 82/7/42 84/1/42
f 86/1/38 89/5/38 90/6/38
f 86/1/38 85/7/38 89/5/38
f 90/6/39 91/7/39 92/1/39
f 90/6/39 89/5/39 91/7/39
f 92/6/40 87/7/40 88/1/40
f 92/6/40 91/5/40 87/7/40
f 86/7/41 92/6/41 88/1/41
f 86/7/41 90/5/41 92/6/41
f 89/5/42 87/1/42 91/6/42
f 89/5/42 85/7/42 87/1/42
f 90/1/38 93/5/38 94/6/38
f 90/1/38 89/7/38 93/5/38
f 94/6/39 95/7/39 96/1/39
f 94/6/39 93/5/39 95/7/39
f 96/6/40 91/7/40 92/1/40
f 96/6/40 95/5/40 91/7/40
f 90/7/41 96/6/41 92/1/41
f 90/7/41 94/5/41 96/6/41
f 93/5/42 91/1/42 95/6/42
f 93/5/42 89/7/42 91/1/42
f 86/1/37 97/5/37 98/6/37
f 86/1/37 85/7/37 97/5/37
f 98/1/38 99/5/38 100/6/38
f 98/1/38 97/7/38 99/5/38
f 100/6/39 89/7/39 90/1/39
f 100/6/39 99/5/39 89/7/39
f 98/7/41 90/6/41 86/1/41
f 98/7/41 100/5/41 90/6/41
f 99/5/42 85/1/42 89/6/42
f 99/5/42 97/7/42 85/1/42
o GridTShape_12 (5)
v 0.02976671 0.2962767 -0.6421471
v -0.07017296 0.1962311 -0.6438625
v 0.0298263 0.1962856 -0.6434823
v -0.07023255 0.2962222 -0.6425274
v -0.06979344 0.1975664 -0.7438529
v 0.03020582 0.1976209 -0.7434726
v -0.06985303 0.2975575 -0.7425178
v 0.03014622 0.297612 -0.7421375
v -0.06941392 0.1989018 -0.8438433
v 0.03058533 0.1989563 -0.8434629
v -0.06947352 0.2988928 -0.8425081
v 0.03052574 0.2989473 -0.8421279
v -0.06903441 0.2002371 -0.9438336
v 0.03096484 0.2002916 -0.9434533
v -0.069094 0.3002281 -0.9424985
v 0.03090525 0.3002827 -0.9421182
v -0.06973385 0.09757537 -0.745188
v 0.03026541 0.09762988 -0.7448077
v -0.06935433 0.09891069 -0.8451784
v 0.03064492 0.09896521 -0.8447981
vn -0.003795147 -0.01335325 0.9999037
vn 0.0005959124 -0.9999107 -0.01335108
vn 0.003795147 0.01335325 -0.9999037
vn -0.0005959124 0.9999107 0.01335108
vn 0.9999926 0.000545186 0.003802836
vn -0.9999926 -0.000545186 -0.003802836
usemtl plank-material(Clone)
f 101/1/43 102/5/43 103/6/43
f 101/1/43 104/7/43 102/5/43
f 103/1/44 105/5/44 106/6/44
f 103/1/44 102/7/44 105/5/44
f 106/6/45 107/7/45 108/1/45
f 106/6/45 105/5/45 107/7/45
f 108/6/46 104/7/46 101/1/46
f 108/6/46 107/5/46 104/7/46
f 103/7/47 108/6/47 101/1/47
f 103/7/47 106/5/47 108/6/47
f 105/5/48 104/1/48 107/6/48
f 105/5/48 102/7/48 104/1/48
f 106/1/44 109/5/44 110/6/44
f 106/1/44 105/7/44 109/5/44
f 110/6/45 111/7/45 112/1/45
f 110/6/45 109/5/45 111/7/45
f 112/6/46 107/7/46 108/1/46
f 112/6/46 111/5/46 107/7/46
f 106/7/47 112/6/47 108/1/47
f 106/7/47 110/5/47 112/6/47
f 109/5/48 107/1/48 111/6/48
f 109/5/48 105/7/48 107/1/48
f 110/1/44 113/5/44 114/6/44
f 110/1/44 109/7/44 113/5/44
f 114/6/45 115/7/45 116/1/45
f 114/6/45 113/5/45 115/7/45
f 116/6/46 111/7/46 112/1/46
f 116/6/46 115/5/46 111/7/46
f 110/7/47 116/6/47 112/1/47
f 110/7/47 114/5/47 116/6/47
f 113/5/48 111/1/48 115/6/48
f 113/5/48 109/7/48 111/1/48
f 106/1/43 117/5/43 118/6/43
f 106/1/43 105/7/43 117/5/43
f 118/1/44 119/5/44 120/6/44
f 118/1/44 117/7/44 119/5/44
f 120/6/45 109/7/45 110/1/45
f 120/6/45 119/5/45 109/7/45
f 118/7/47 110/6/47 106/1/47
f 118/7/47 120/5/47 110/6/47
f 119/5/48 105/1/48 109/6/48
f 119/5/48 117/7/48 105/1/48
o GridSmallCube_5 (5)
v 0.03259509 0.1000803 -0.8448606
v -0.06765405 0.0004273169 -0.8404564
v -0.06734494 0.1004223 -0.8414141
v 0.03228598 8.537107E-05 -0.8439028
v -0.06420451 0.001373818 -0.7405204
v -0.0638954 0.1013688 -0.7414781
v 0.03573551 0.001031872 -0.7439668
v 0.03604462 0.1010268 -0.7449245
vn -0.03449538 -0.009465008 -0.9993601
vn -0.9994001 0.003419458 0.03446436
vn 0.03449538 0.009465008 0.9993601
vn 0.9994001 -0.003419458 -0.03446436
vn -0.003091096 -0.9999493 0.009577288
vn 0.003091096 0.9999493 -0.009577288
usemtl small-cube-material(Clone)
f 121/1/49 122/2/49 123/3/49
f 121/1/49 124/4/49 122/2/49
f 123/1/50 125/2/50 126/3/50
f 123/1/50 122/4/50 125/2/50
f 126/1/51 127/2/51 128/3/51
f 126/1/51 125/4/51 127/2/51
f 128/1/52 124/2/52 121/3/52
f 128/1/52 127/4/52 124/2/52
f 124/1/53 125/2/53 122/3/53
f 124/1/53 127/4/53 125/2/53
f 128/1/54 123/2/54 126/3/54
f 128/1/54 121/4/54 123/2/54
o GridSmallCube_5 (6)
v 0.03232139 0.1008873 -0.2224618
v -0.06760772 0.000877143 -0.2189764
v -0.06761938 0.1008771 -0.2190205
v 0.03233306 0.0008872877 -0.2224177
v -0.06416642 0.0009215792 -0.1190357
v -0.06417809 0.1009216 -0.1190797
v 0.03577436 0.0009317239 -0.122477
v 0.03576269 0.1009317 -0.122521
vn -0.03441299 -0.0004443619 -0.9994076
vn -0.9994077 -0.0001014471 0.03441304
vn 0.03441299 0.0004443619 0.9994076
vn 0.9994077 0.0001014471 -0.03441304
vn 0.0001167059 -0.9999999 0.0004406105
vn -0.0001167059 0.9999999 -0.0004406105
usemtl small-cube-material(Clone)
f 129/1/55 130/2/55 131/3/55
f 129/1/55 132/4/55 130/2/55
f 131/1/56 133/2/56 134/3/56
f 131/1/56 130/4/56 133/2/56
f 134/1/57 135/2/57 136/3/57
f 134/1/57 133/4/57 135/2/57
f 136/1/58 132/2/58 129/3/58
f 136/1/58 135/4/58 132/2/58
f 132/1/59 133/2/59 130/3/59
f 132/1/59 135/4/59 133/2/59
f 136/1/60 131/2/60 134/3/60
f 136/1/60 129/4/60 131/2/60
o GridTShape_12 (6)
v 0.03043748 0.2952829 -0.01830448
v -0.06990421 0.1956525 -0.02061426
v 0.03009449 0.1953022 -0.02024076
v -0.06956122 0.2956332 -0.01867797
v -0.06952399 0.1975874 -0.1205948
v 0.03047471 0.1972372 -0.1202213
v -0.069181 0.2975681 -0.1186585
v 0.0308177 0.2972178 -0.118285
v -0.06914377 0.1995224 -0.2205754
v 0.03085493 0.1991721 -0.2202019
v -0.06880078 0.2995031 -0.2186391
v 0.03119791 0.2991528 -0.2182656
v -0.06876355 0.2014574 -0.320556
v 0.03123515 0.2011071 -0.3201824
v -0.06842057 0.3014381 -0.3186197
v 0.03157813 0.3010878 -0.3182462
v -0.06986698 0.09760676 -0.1225311
v 0.03013172 0.09725647 -0.1221576
v -0.06948676 0.09954174 -0.2225117
v 0.03051194 0.09919145 -0.2221382
vn -0.00380218 -0.01934975 0.9998056
vn -0.003429876 -0.9998066 -0.01936281
vn 0.00380218 0.01934975 -0.9998056
vn 0.003429876 0.9998066 0.01936281
vn 0.9999869 -0.00350283 0.003734946
vn -0.9999869 0.00350283 -0.003734946
usemtl plank-material(Clone)
f 137/1/61 138/5/61 139/6/61
f 137/1/61 140/7/61 138/5/61
f 139/1/62 141/5/62 142/6/62
f 139/1/62 138/7/62 141/5/62
f 142/6/63 143/7/63 144/1/63
f 142/6/63 141/5/63 143/7/63
f 144/6/64 140/7/64 137/1/64
f 144/6/64 143/5/64 140/7/64
f 139/7/65 144/6/65 137/1/65
f 139/7/65 142/5/65 144/6/65
f 141/5/66 140/1/66 143/6/66
f 141/5/66 138/7/66 140/1/66
f 142/1/62 145/5/62 146/6/62
f 142/1/62 141/7/62 145/5/62
f 146/6/63 147/7/63 148/1/63
f 146/6/63 145/5/63 147/7/63
f 148/6/64 143/7/64 144/1/64
f 148/6/64 147/5/64 143/7/64
f 142/7/65 148/6/65 144/1/65
f 142/7/65 146/5/65 148/6/65
f 145/5/66 143/1/66 147/6/66
f 145/5/66 141/7/66 143/1/66
f 146/1/62 149/5/62 150/6/62
f 146/1/62 145/7/62 149/5/62
f 150/6/63 151/7/63 152/1/63
f 150/6/63 149/5/63 151/7/63
f 152/6/64 147/7/64 148/1/64
f 152/6/64 151/5/64 147/7/64
f 146/7/65 152/6/65 148/1/65
f 146/7/65 150/5/65 152/6/65
f 149/5/66 147/1/66 151/6/66
f 149/5/66 145/7/66 147/1/66
f 142/1/61 153/5/61 154/6/61
f 142/1/61 141/7/61 153/5/61
f 154/1/62 155/5/62 156/6/62
f 154/1/62 153/7/62 155/5/62
f 156/6/63 145/7/63 146/1/63
f 156/6/63 155/5/63 145/7/63
f 154/7/65 146/6/65 142/1/65
f 154/7/65 156/5/65 146/6/65
f 155/5/66 141/1/66 145/6/66
f 155/5/66 153/7/66 141/1/66
o GridSmallCube_5 (7)
v 0.02210153 0.1012422 -0.5426226
v -0.07788342 0.001268287 -0.5397534
v -0.07785135 0.1012681 -0.5395531
v 0.02206945 0.001242371 -0.542823
v -0.07481397 0.001067071 -0.4398008
v -0.07478189 0.1010669 -0.4396004
v 0.02513891 0.001041155 -0.4428703
v 0.02517099 0.101041 -0.44267
vn -0.03069454 0.002012161 -0.9995268
vn -0.9995288 0.000259161 0.03069513
vn 0.03069454 -0.002012161 0.9995268
vn 0.9995288 -0.000259161 -0.03069513
vn -0.0003207922 -0.9999979 -0.002003258
vn 0.0003207922 0.9999979 0.002003258
usemtl small-cube-material(Clone)
f 157/1/67 158/2/67 159/3/67
f 157/1/67 160/4/67 158/2/67
f 159/1/68 161/2/68 162/3/68
f 159/1/68 158/4/68 161/2/68
f 162/1/69 163/2/69 164/3/69
f 162/1/69 161/4/69 163/2/69
f 164/1/70 160/2/70 157/3/70
f 164/1/70 163/4/70 160/2/70
f 160/1/71 161/2/71 158/3/71
f 160/1/71 163/4/71 161/2/71
f 164/1/72 159/2/72 162/3/72
f 164/1/72 157/4/72 159/2/72
o GridTShape_12 (7)
v 0.024 0.2969786 -0.3384496
v -0.07600001 0.1969786 -0.3384496
v 0.024 0.1969786 -0.3384496
v -0.07600001 0.2969786 -0.3384496
v -0.07600001 0.1969786 -0.4384497
v 0.02400001 0.1969786 -0.4384497
v -0.07600001 0.2969786 -0.4384497
v 0.02400001 0.2969786 -0.4384497
v -0.07599999 0.1969786 -0.5384496
v 0.02400003 0.1969786 -0.5384496
v -0.07599999 0.2969786 -0.5384496
v 0.02400003 0.2969786 -0.5384496
v -0.07599998 0.1969786 -0.6384497
v 0.02400004 0.1969786 -0.6384497
v -0.07599998 0.2969786 -0.6384497
v 0.02400004 0.2969786 -0.6384497
v -0.07600001 0.09697857 -0.4384497
v 0.02400001 0.09697857 -0.4384497
v -0.07599999 0.09697857 -0.5384496
v 0.02400003 0.09697857 -0.5384496
vn 1 0 -1.192093E-07
vn -1 0 1.192093E-07
usemtl plank-material(Clone)
f 165/1/6 166/5/6 167/6/6
f 165/1/6 168/7/6 166/5/6
f 167/1/4 169/5/4 170/6/4
f 167/1/4 166/7/4 169/5/4
f 170/6/5 171/7/5 172/1/5
f 170/6/5 169/5/5 171/7/5
f 172/6/2 168/7/2 165/1/2
f 172/6/2 171/5/2 168/7/2
f 167/7/73 172/6/73 165/1/73
f 167/7/73 170/5/73 172/6/73
f 169/5/74 168/1/74 171/6/74
f 169/5/74 166/7/74 168/1/74
f 170/1/4 173/5/4 174/6/4
f 170/1/4 169/7/4 173/5/4
f 174/6/5 175/7/5 176/1/5
f 174/6/5 173/5/5 175/7/5
f 176/6/2 171/7/2 172/1/2
f 176/6/2 175/5/2 171/7/2
f 170/7/73 176/6/73 172/1/73
f 170/7/73 174/5/73 176/6/73
f 173/5/74 171/1/74 175/6/74
f 173/5/74 169/7/74 171/1/74
f 174/1/4 177/5/4 178/6/4
f 174/1/4 173/7/4 177/5/4
f 178/6/5 179/7/5 180/1/5
f 178/6/5 177/5/5 179/7/5
f 180/6/2 175/7/2 176/1/2
f 180/6/2 179/5/2 175/7/2
f 174/7/73 180/6/73 176/1/73
f 174/7/73 178/5/73 180/6/73
f 177/5/74 175/1/74 179/6/74
f 177/5/74 173/7/74 175/1/74
f 170/1/6 181/5/6 182/6/6
f 170/1/6 169/7/6 181/5/6
f 182/1/4 183/5/4 184/6/4
f 182/1/4 181/7/4 183/5/4
f 184/6/5 173/7/5 174/1/5
f 184/6/5 183/5/5 173/7/5
f 182/7/73 174/6/73 170/1/73
f 182/7/73 184/5/73 174/6/73
f 183/5/74 169/1/74 173/6/74
f 183/5/74 181/7/74 169/1/74
