mtllib export_20250320T155201.mtl

o Plane/BasicEnvironment/StartCube-1
v 0.09999988 0 1.1
v 0.09999991 0.2 0.9000001
v 0.09999988 0.2 1.1
v 0.09999991 0 0.9000001
v -0.1000001 0.2 0.9000001
v -0.1000002 0.2 1.1
v -0.1000001 0 0.9000001
v -0.1000002 0 1.1
vt 0 0
vt 1 1
vt 0 1
vt 1 0
vn 1 0 1.192093E-07
vn 0 1 0
vn -1 0 -1.192093E-07
vn 0 -1 0
vn 1.192093E-07 0 -1
vn -1.192093E-07 0 1
usemtl big-cube-material-dark
f 1/1/1 2/2/1 3/3/1
f 1/1/1 4/4/1 2/2/1
f 3/1/2 5/2/2 6/3/2
f 3/1/2 2/4/2 5/2/2
f 6/1/3 7/2/3 8/3/3
f 6/1/3 5/4/3 7/2/3
f 8/1/4 4/2/4 1/3/4
f 8/1/4 7/4/4 4/2/4
f 4/1/5 5/2/5 2/3/5
f 4/1/5 7/4/5 5/2/5
f 8/1/6 3/2/6 6/3/6
f 8/1/6 1/4/6 3/2/6
o Plane/BasicEnvironment/StartCube-2
v 0.1000001 0 -0.9000001
v 0.1000002 0.2 -1.1
v 0.1000001 0.2 -0.9000001
v 0.1000002 0 -1.1
v -0.09999988 0.2 -1.1
v -0.09999991 0.2 -0.9000001
v -0.09999988 0 -1.1
v -0.09999991 0 -0.9000001
usemtl big-cube-material-dark
f 9/1/1 10/2/1 11/3/1
f 9/1/1 12/4/1 10/2/1
f 11/1/2 13/2/2 14/3/2
f 11/1/2 10/4/2 13/2/2
f 14/1/3 15/2/3 16/3/3
f 14/1/3 13/4/3 15/2/3
f 16/1/4 12/2/4 9/3/4
f 16/1/4 15/4/4 12/2/4
f 12/1/5 13/2/5 10/3/5
f 12/1/5 15/4/5 13/2/5
f 16/1/6 11/2/6 14/3/6
f 16/1/6 9/4/6 11/2/6
o GridLShape_0
v -0.1500103 0.0008981063 -1.200018
v -0.1500029 0.1010861 -1.29983
v -0.150008 0.1008979 -1.19983
v -0.1500052 0.001086232 -1.300018
v -0.2500029 0.1010884 -1.299835
v -0.250008 0.1009002 -1.199835
v -0.2500052 0.001088531 -1.300023
v -0.2500103 0.0009004059 -1.200023
v -0.3500029 0.1010907 -1.29984
v -0.350008 0.1009025 -1.19984
v -0.3500052 0.001090831 -1.300028
v -0.3500103 0.0009027055 -1.200028
v -0.4500029 0.1010929 -1.299845
v -0.450008 0.1009048 -1.199845
v -0.4500052 0.001093131 -1.300033
v -0.4500103 0.0009050051 -1.200033
v -0.1500006 0.2010859 -1.299641
v -0.1500057 0.2008978 -1.199642
v -0.2500006 0.2010882 -1.299647
v -0.2500057 0.2009 -1.199647
vt 0.5 0.5
vt 0.5 0
vt 0 0.5
vn 1 -2.299585E-05 5.108737E-05
vn 2.289971E-05 0.9999982 0.001881256
vn -1 2.299585E-05 -5.108737E-05
vn -2.289971E-05 -0.9999982 -0.001881256
vn -5.113054E-05 -0.001881255 0.9999982
vn 5.113054E-05 0.001881255 -0.9999982
usemtl plank-material(Clone)_(Instance)
f 17/1/7 18/5/7 19/6/7
f 17/1/7 20/7/7 18/5/7
f 19/1/8 21/5/8 22/6/8
f 19/1/8 18/7/8 21/5/8
f 22/6/9 23/7/9 24/1/9
f 22/6/9 21/5/9 23/7/9
f 24/6/10 20/7/10 17/1/10
f 24/6/10 23/5/10 20/7/10
f 19/7/11 24/6/11 17/1/11
f 19/7/11 22/5/11 24/6/11
f 21/5/12 20/1/12 23/6/12
f 21/5/12 18/7/12 20/1/12
f 22/1/8 25/5/8 26/6/8
f 22/1/8 21/7/8 25/5/8
f 26/6/9 27/7/9 28/1/9
f 26/6/9 25/5/9 27/7/9
f 28/6/10 23/7/10 24/1/10
f 28/6/10 27/5/10 23/7/10
f 22/7/11 28/6/11 24/1/11
f 22/7/11 26/5/11 28/6/11
f 25/5/12 23/1/12 27/6/12
f 25/5/12 21/7/12 23/1/12
f 26/1/8 29/5/8 30/6/8
f 26/1/8 25/7/8 29/5/8
f 30/6/9 31/7/9 32/1/9
f 30/6/9 29/5/9 31/7/9
f 32/6/10 27/7/10 28/1/10
f 32/6/10 31/5/10 27/7/10
f 26/7/11 32/6/11 28/1/11
f 26/7/11 30/5/11 32/6/11
f 29/5/12 27/1/12 31/6/12
f 29/5/12 25/7/12 27/1/12
f 19/1/7 33/5/7 34/6/7
f 19/1/7 18/7/7 33/5/7
f 34/1/8 35/5/8 36/6/8
f 34/1/8 33/7/8 35/5/8
f 36/6/9 21/7/9 22/1/9
f 36/6/9 35/5/9 21/7/9
f 34/7/11 22/6/11 19/1/11
f 34/7/11 36/5/11 22/6/11
f 35/5/12 18/1/12 21/6/12
f 35/5/12 33/7/12 18/1/12
o GridSmallCube_0
v -0.102199 0.0005318903 0.7023789
v -0.003276799 0.0008595578 0.6013131
v -0.002204893 0.0007277273 0.7013073
v -0.1032709 0.0006637208 0.6023847
v -0.00347122 0.1008593 0.601447
v -0.002399314 0.1007275 0.7014412
v -0.1034653 0.1006635 0.6025187
v -0.1023934 0.1005316 0.7025129
vn 0.001944214 -0.9999973 -0.001339078
vn 0.9999407 0.00195837 -0.01071659
vn -0.001944214 0.9999973 0.001339078
vn -0.9999407 -0.00195837 0.01071659
vn -0.01071906 0.001318305 -0.9999416
vn 0.01071906 -0.001318305 0.9999416
usemtl small-cube-material(Clone)_(Instance)
f 37/1/13 38/2/13 39/3/13
f 37/1/13 40/4/13 38/2/13
f 39/1/14 41/2/14 42/3/14
f 39/1/14 38/4/14 41/2/14
f 42/1/15 43/2/15 44/3/15
f 42/1/15 41/4/15 43/2/15
f 44/1/16 40/2/16 37/3/16
f 44/1/16 43/4/16 40/2/16
f 40/1/17 41/2/17 38/3/17
f 40/1/17 43/4/17 41/2/17
f 44/1/18 39/2/18 42/3/18
f 44/1/18 37/4/18 39/2/18
o GridSmallCube_0:1
v -0.1063526 0.09981289 0.6928186
v -0.005363036 0.1985694 0.6997671
v -0.1050944 0.1998046 0.6925471
v -0.006621155 0.09857765 0.7000386
v 0.001853007 0.1982077 0.6000284
v -0.0978784 0.199443 0.5928084
v 0.000594888 0.098216 0.6003
v -0.09913651 0.09945124 0.5930799
vn -0.07216041 0.003616501 0.9973865
vn 0.01258119 0.9999171 -0.002715436
vn 0.07216041 -0.003616501 -0.9973865
vn -0.01258119 -0.9999171 0.002715436
vn 0.9973137 -0.01235236 0.07219993
vn -0.9973137 0.01235236 -0.07219993
usemtl small-cube-material(Clone)_(Instance)_1
f 45/1/19 46/2/19 47/3/19
f 45/1/19 48/4/19 46/2/19
f 47/1/20 49/2/20 50/3/20
f 47/1/20 46/4/20 49/2/20
f 50/1/21 51/2/21 52/3/21
f 50/1/21 49/4/21 51/2/21
f 52/1/22 48/2/22 45/3/22
f 52/1/22 51/4/22 48/2/22
f 48/1/23 49/2/23 46/3/23
f 48/1/23 51/4/23 49/2/23
f 52/1/24 47/2/24 50/3/24
f 52/1/24 45/4/24 47/2/24
o GridSmallCube_0:2
v -0.000879375 0.00128583 -0.6989163
v -0.1012051 0.1009563 -0.6981789
v -0.001205727 0.1012834 -0.6983072
v -0.1008788 0.0009586904 -0.6987879
v -0.1010748 0.1003477 -0.5981808
v -0.001075404 0.1006749 -0.5983092
v -0.1007484 0.000350094 -0.5987899
v -0.0007490517 0.0006772336 -0.5989182
vn -0.001303233 0.006085964 -0.9999806
vn -0.003263522 0.9999762 0.006090189
vn 0.001303233 -0.006085964 0.9999806
vn 0.003263522 -0.9999762 -0.006090189
vn -0.9999938 -0.003271396 0.00128334
vn 0.9999938 0.003271396 -0.00128334
usemtl small-cube-material(Clone)_(Instance)_2
f 53/1/25 54/2/25 55/3/25
f 53/1/25 56/4/25 54/2/25
f 55/1/26 57/2/26 58/3/26
f 55/1/26 54/4/26 57/2/26
f 58/1/27 59/2/27 60/3/27
f 58/1/27 57/4/27 59/2/27
f 60/1/28 56/2/28 53/3/28
f 60/1/28 59/4/28 56/2/28
f 56/1/29 57/2/29 54/3/29
f 56/1/29 59/4/29 57/2/29
f 60/1/30 55/2/30 58/3/30
f 60/1/30 53/4/30 55/2/30
o GridTShape_0
v 1.247122E-05 0.3005112 0.953988
v -0.09992483 0.2005125 0.9504123
v -2.885226E-05 0.2005161 0.9549723
v -0.09988351 0.3005076 0.949428
v -0.09536507 0.1995274 0.8505211
v 0.004530915 0.199531 0.8550811
v -0.09532375 0.2995225 0.8495369
v 0.004572239 0.2995261 0.8540969
v -0.0908053 0.1985423 0.75063
v 0.009090682 0.1985459 0.75519
v -0.09076398 0.2985374 0.7496458
v 0.009132006 0.298541 0.7542057
v -0.08624554 0.1975571 0.6507389
v 0.01365045 0.1975607 0.6552988
v -0.08620421 0.2975523 0.6497546
v 0.01369177 0.2975559 0.6543146
v -0.09540639 0.09953222 0.8515055
v 0.004489592 0.09953582 0.8560654
v -0.09084663 0.0985471 0.7516143
v 0.009049359 0.09855071 0.7561743
vn -0.04559767 0.009851213 0.9989113
vn -0.0004132348 -0.9999515 0.009842608
vn 0.04559767 -0.009851213 -0.9989113
vn 0.0004132348 0.9999515 -0.009842608
vn 0.9989598 3.601471E-05 0.04559952
vn -0.9989598 -3.601471E-05 -0.04559952
usemtl plank-material(Clone)_(Instance)_1
f 61/1/31 62/5/31 63/6/31
f 61/1/31 64/7/31 62/5/31
f 63/1/32 65/5/32 66/6/32
f 63/1/32 62/7/32 65/5/32
f 66/6/33 67/7/33 68/1/33
f 66/6/33 65/5/33 67/7/33
f 68/6/34 64/7/34 61/1/34
f 68/6/34 67/5/34 64/7/34
f 63/7/35 68/6/35 61/1/35
f 63/7/35 66/5/35 68/6/35
f 65/5/36 64/1/36 67/6/36
f 65/5/36 62/7/36 64/1/36
f 66/1/32 69/5/32 70/6/32
f 66/1/32 65/7/32 69/5/32
f 70/6/33 71/7/33 72/1/33
f 70/6/33 69/5/33 71/7/33
f 72/6/34 67/7/34 68/1/34
f 72/6/34 71/5/34 67/7/34
f 66/7/35 72/6/35 68/1/35
f 66/7/35 70/5/35 72/6/35
f 69/5/36 67/1/36 71/6/36
f 69/5/36 65/7/36 67/1/36
f 70/1/32 73/5/32 74/6/32
f 70/1/32 69/7/32 73/5/32
f 74/6/33 75/7/33 76/1/33
f 74/6/33 73/5/33 75/7/33
f 76/6/34 71/7/34 72/1/34
f 76/6/34 75/5/34 71/7/34
f 70/7/35 76/6/35 72/1/35
f 70/7/35 74/5/35 76/6/35
f 73/5/36 71/1/36 75/6/36
f 73/5/36 69/7/36 71/1/36
f 66/1/31 77/5/31 78/6/31
f 66/1/31 65/7/31 77/5/31
f 78/1/32 79/5/32 80/6/32
f 78/1/32 77/7/32 79/5/32
f 80/6/33 69/7/33 70/1/33
f 80/6/33 79/5/33 69/7/33
f 78/7/35 70/6/35 66/1/35
f 78/7/35 80/5/35 70/6/35
f 79/5/36 65/1/36 69/6/36
f 79/5/36 77/7/36 65/1/36
o GridTShape_0:1
v 0.002883392 0.2975094 -0.676813
v -0.09715726 0.1975593 -0.6781756
v 0.002842458 0.1975157 -0.677942
v -0.09711633 0.2975529 -0.6770467
v -0.09692308 0.1986881 -0.778169
v 0.003076633 0.1986446 -0.7779353
v -0.09688215 0.2986818 -0.7770401
v 0.003117567 0.2986382 -0.7768064
v -0.09668891 0.199817 -0.8781624
v 0.003310808 0.1997734 -0.8779287
v -0.09664798 0.2998106 -0.8770334
v 0.003351741 0.299767 -0.8767998
v -0.09645474 0.2009458 -0.9781557
v 0.003544983 0.2009023 -0.977922
v -0.0964138 0.3009395 -0.9770268
v 0.003585916 0.3008959 -0.9767931
v -0.09696402 0.09869451 -0.7792979
v 0.003035699 0.09865094 -0.7790643
v -0.09672984 0.09982336 -0.8792913
v 0.003269874 0.09977978 -0.8790576
vn -0.002341747 -0.01128843 0.9999335
vn -0.0004093358 -0.9999362 -0.01128942
vn 0.002341747 0.01128843 -0.9999335
vn 0.0004093358 0.9999362 0.01128942
vn 0.9999972 -0.0004357449 0.00233686
vn -0.9999972 0.0004357449 -0.00233686
usemtl plank-material(Clone)_(Instance)_2
f 81/1/37 82/5/37 83/6/37
f 81/1/37 84/7/37 82/5/37
f 83/1/38 85/5/38 86/6/38
f 83/1/38 82/7/38 85/5/38
f 86/6/39 87/7/39 88/1/39
f 86/6/39 85/5/39 87/7/39
f 88/6/40 84/7/40 81/1/40
f 88/6/40 87/5/40 84/7/40
f 83/7/41 88/6/41 81/1/41
f 83/7/41 86/5/41 88/6/41
f 85/5/42 84/1/42 87/6/42
f 85/5/42 82/7/42 84/1/42
f 86/1/38 89/5/38 90/6/38
f 86/1/38 85/7/38 89/5/38
f 90/6/39 91/7/39 92/1/39
f 90/6/39 89/5/39 91/7/39
f 92/6/40 87/7/40 88/1/40
f 92/6/40 91/5/40 87/7/40
f 86/7/41 92/6/41 88/1/41
f 86/7/41 90/5/41 92/6/41
f 89/5/42 87/1/42 91/6/42
f 89/5/42 85/7/42 87/1/42
f 90/1/38 93/5/38 94/6/38
f 90/1/38 89/7/38 93/5/38
f 94/6/39 95/7/39 96/1/39
f 94/6/39 93/5/39 95/7/39
f 96/6/40 91/7/40 92/1/40
f 96/6/40 95/5/40 91/7/40
f 90/7/41 96/6/41 92/1/41
f 90/7/41 94/5/41 96/6/41
f 93/5/42 91/1/42 95/6/42
f 93/5/42 89/7/42 91/1/42
f 86/1/37 97/5/37 98/6/37
f 86/1/37 85/7/37 97/5/37
f 98/1/38 99/5/38 100/6/38
f 98/1/38 97/7/38 99/5/38
f 100/6/39 89/7/39 90/1/39
f 100/6/39 99/5/39 89/7/39
f 98/7/41 90/6/41 86/1/41
f 98/7/41 100/5/41 90/6/41
f 99/5/42 85/1/42 89/6/42
f 99/5/42 97/7/42 85/1/42
o GridSmallCube_0:3
v -0.1026386 0.0009083208 0.3540449
v -0.002913163 0.101182 0.3539312
v -0.1029127 0.1009079 0.3540896
v -0.002639133 0.001182422 0.3538865
v -0.003071693 0.1012264 0.2539314
v -0.1030712 0.1009523 0.2540898
v -0.002797662 0.001226762 0.2538866
v -0.1027972 0.0009526611 0.254045
vn 0.001585298 -0.0004434027 0.9999987
vn -0.002740306 0.9999961 0.0004477459
vn -0.001585298 0.0004434027 -0.9999987
vn 0.002740306 -0.9999961 -0.0004477459
vn 0.999995 0.002741012 -0.001584077
vn -0.999995 -0.002741012 0.001584077
usemtl small-cube-material(Clone)_(Instance)_3
f 101/1/43 102/2/43 103/3/43
f 101/1/43 104/4/43 102/2/43
f 103/1/44 105/2/44 106/3/44
f 103/1/44 102/4/44 105/2/44
f 106/1/45 107/2/45 108/3/45
f 106/1/45 105/4/45 107/2/45
f 108/1/46 104/2/46 101/3/46
f 108/1/46 107/4/46 104/2/46
f 104/1/47 105/2/47 102/3/47
f 104/1/47 107/4/47 105/2/47
f 108/1/48 103/2/48 106/3/48
f 108/1/48 101/4/48 103/2/48
o GridSmallCube_0:4
v -0.003442657 0.09898327 -0.6961495
v -0.1029541 0.1994596 -0.6947377
v -0.002974874 0.1989806 -0.6967195
v -0.1034219 0.09946226 -0.6941677
v -0.1009696 0.2000202 -0.594759
v -0.0009903639 0.1995412 -0.5967408
v -0.1014374 0.1000229 -0.5941889
v -0.001458147 0.09954394 -0.5961707
vn -0.0198451 -0.005606674 -0.9997874
vn 0.004677832 0.9999728 -0.005700566
vn 0.0198451 0.005606674 0.9997874
vn -0.004677832 -0.9999728 0.005700566
vn -0.9997922 0.004789965 0.01981833
vn 0.9997922 -0.004789965 -0.01981833
usemtl small-cube-material(Clone)_(Instance)_4
f 109/1/49 110/2/49 111/3/49
f 109/1/49 112/4/49 110/2/49
f 111/1/50 113/2/50 114/3/50
f 111/1/50 110/4/50 113/2/50
f 114/1/51 115/2/51 116/3/51
f 114/1/51 113/4/51 115/2/51
f 116/1/52 112/2/52 109/3/52
f 116/1/52 115/4/52 112/2/52
f 112/1/53 113/2/53 110/3/53
f 112/1/53 115/4/53 113/2/53
f 116/1/54 111/2/54 114/3/54
f 116/1/54 109/4/54 111/2/54
o GridSmallCube_0:5
v -0.1128955 0.1010503 0.3259437
v -0.01361485 0.2017214 0.3229963
v -0.1136027 0.2010359 0.3243992
v -0.01290767 0.1017358 0.3245407
v -0.01500704 0.2001672 0.223018
v -0.1149949 0.1994817 0.224421
v -0.01429986 0.1001817 0.2245625
v -0.1142877 0.09949613 0.2259654
vn 0.01392189 0.01554175 0.9997823
vn -0.007071823 0.9998557 -0.01544442
vn -0.01392189 -0.01554175 -0.9997823
vn 0.007071823 -0.9998557 0.01544442
vn 0.9998781 0.006855267 -0.01402979
vn -0.9998781 -0.006855267 0.01402979
usemtl small-cube-material(Clone)_(Instance)_5
f 117/1/55 118/2/55 119/3/55
f 117/1/55 120/4/55 118/2/55
f 119/1/56 121/2/56 122/3/56
f 119/1/56 118/4/56 121/2/56
f 122/1/57 123/2/57 124/3/57
f 122/1/57 121/4/57 123/2/57
f 124/1/58 120/2/58 117/3/58
f 124/1/58 123/4/58 120/2/58
f 120/1/59 121/2/59 118/3/59
f 120/1/59 123/4/59 121/2/59
f 124/1/60 119/2/60 122/3/60
f 124/1/60 117/4/60 119/2/60
o GridTShape_0:2
v -0.3562009 0.1009722 0.7458537
v -0.4554397 0.000993985 0.7583443
v -0.4554192 0.100994 0.7583333
v -0.3562215 0.0009722173 0.7458647
v -0.4429601 0.00100235 0.8575625
v -0.4429395 0.1010024 0.8575515
v -0.3437419 0.0009805828 0.8450829
v -0.3437213 0.1009806 0.8450719
v -0.4304805 0.001010716 0.9567808
v -0.4304599 0.1010107 0.9567698
v -0.3312622 0.0009889484 0.9443012
v -0.3312417 0.100989 0.9442902
v -0.4180009 0.001019081 1.055999
v -0.4179803 0.1010191 1.055988
v -0.3187826 0.0009973139 1.043519
v -0.3187621 0.1009973 1.043508
v -0.5421783 0.001024118 0.8700421
v -0.5421578 0.1010241 0.8700311
v -0.5296987 0.001032484 0.9692604
v -0.5296782 0.1010325 0.9692494
vn -0.1247961 -8.365511E-05 -0.9921824
vn -0.9921824 0.0002176761 0.1247959
vn 0.1247961 8.365511E-05 0.9921824
vn 0.9921824 -0.0002176761 -0.1247959
vn 0.000205636 1 -0.0001102686
vn -0.000205636 -1 0.0001102686
usemtl plank-material(Clone)_(Instance)_3
f 125/1/61 126/5/61 127/6/61
f 125/1/61 128/7/61 126/5/61
f 127/1/62 129/5/62 130/6/62
f 127/1/62 126/7/62 129/5/62
f 130/6/63 131/7/63 132/1/63
f 130/6/63 129/5/63 131/7/63
f 132/6/64 128/7/64 125/1/64
f 132/6/64 131/5/64 128/7/64
f 127/7/65 132/6/65 125/1/65
f 127/7/65 130/5/65 132/6/65
f 129/5/66 128/1/66 131/6/66
f 129/5/66 126/7/66 128/1/66
f 130/1/62 133/5/62 134/6/62
f 130/1/62 129/7/62 133/5/62
f 134/6/63 135/7/63 136/1/63
f 134/6/63 133/5/63 135/7/63
f 136/6/64 131/7/64 132/1/64
f 136/6/64 135/5/64 131/7/64
f 130/7/65 136/6/65 132/1/65
f 130/7/65 134/5/65 136/6/65
f 133/5/66 131/1/66 135/6/66
f 133/5/66 129/7/66 131/1/66
f 134/1/62 137/5/62 138/6/62
f 134/1/62 133/7/62 137/5/62
f 138/6/63 139/7/63 140/1/63
f 138/6/63 137/5/63 139/7/63
f 140/6/64 135/7/64 136/1/64
f 140/6/64 139/5/64 135/7/64
f 134/7/65 140/6/65 136/1/65
f 134/7/65 138/5/65 140/6/65
f 137/5/66 135/1/66 139/6/66
f 137/5/66 133/7/66 135/1/66
f 130/1/61 141/5/61 142/6/61
f 130/1/61 129/7/61 141/5/61
f 142/1/62 143/5/62 144/6/62
f 142/1/62 141/7/62 143/5/62
f 144/6/63 133/7/63 134/1/63
f 144/6/63 143/5/63 133/7/63
f 142/7/65 134/6/65 130/1/65
f 142/7/65 144/5/65 134/6/65
f 143/5/66 129/1/66 133/6/66
f 143/5/66 141/7/66 129/1/66
o GridSmallCube_0:6
v -1.578694E-05 0.0009344029 -0.3498966
v -0.09983028 0.1011196 -0.3498529
v 0.0001694462 0.1009341 -0.3497107
v -0.1000155 0.001119901 -0.3500388
v -0.09997287 0.1009339 -0.2498532
v 2.685851E-05 0.1007484 -0.249711
v -0.1001581 0.0009342846 -0.2500391
v -0.0001583746 0.000748787 -0.2498969
vn 0.001425877 0.00185616 -0.9999973
vn 0.001852331 0.9999966 0.001858799
vn -0.001425877 -0.00185616 0.9999973
vn -0.001852331 -0.9999966 -0.001858799
vn -0.9999973 0.001854977 -0.001422434
vn 0.9999973 -0.001854977 0.001422434
usemtl small-cube-material(Clone)_(Instance)_6
f 145/1/67 146/2/67 147/3/67
f 145/1/67 148/4/67 146/2/67
f 147/1/68 149/2/68 150/3/68
f 147/1/68 146/4/68 149/2/68
f 150/1/69 151/2/69 152/3/69
f 150/1/69 149/4/69 151/2/69
f 152/1/70 148/2/70 145/3/70
f 152/1/70 151/4/70 148/2/70
f 148/1/71 149/2/71 146/3/71
f 148/1/71 151/4/71 149/2/71
f 152/1/72 147/2/72 150/3/72
f 152/1/72 145/4/72 147/2/72
o GridSmallCube_0:7
v 0.9517405 0.0009999941 -0.7999976
v 0.9517431 0.101 -0.8999976
v 0.9517405 0.101 -0.7999976
v 0.9517431 0.001000004 -0.8999976
v 0.8517431 0.101 -0.9000002
v 0.8517405 0.101 -0.8000002
v 0.8517431 0.001000017 -0.9000002
v 0.8517405 0.001000008 -0.8000002
vn 1 -1.387172E-07 2.57492E-05
vn 1.387148E-07 1 9.403081E-08
vn -1 1.387172E-07 -2.57492E-05
vn -1.387148E-07 -1 -9.403081E-08
vn 2.57492E-05 9.402724E-08 -1
vn -2.57492E-05 -9.402724E-08 1
usemtl small-cube-material(Clone)_(Instance)_7
f 153/1/73 154/2/73 155/3/73
f 153/1/73 156/4/73 154/2/73
f 155/1/74 157/2/74 158/3/74
f 155/1/74 154/4/74 157/2/74
f 158/1/75 159/2/75 160/3/75
f 158/1/75 157/4/75 159/2/75
f 160/1/76 156/2/76 153/3/76
f 160/1/76 159/4/76 156/2/76
f 156/1/77 157/2/77 154/3/77
f 156/1/77 159/4/77 157/2/77
f 160/1/78 155/2/78 158/3/78
f 160/1/78 153/4/78 155/2/78
o GridSmallCube_0:8
v 0.001067908 0.2004254 -0.2500978
v -0.09869954 0.2008678 -0.3503289
v -0.09893015 0.2010052 -0.2503292
v 0.001298519 0.2002881 -0.3500975
v -0.0992796 0.1008696 -0.3501929
v -0.09951021 0.1010069 -0.2501932
v 0.000718458 0.1002899 -0.3499615
v 0.0004878476 0.1004272 -0.2499618
vn 0.005800605 0.9999823 -0.001360059
vn -0.9999806 0.005797446 -0.002314031
vn -0.005800605 -0.9999823 0.001360059
vn 0.9999806 -0.005797446 0.002314031
vn 0.002306104 -0.00137344 -0.9999964
vn -0.002306104 0.00137344 0.9999964
usemtl small-cube-material(Clone)_(Instance)_8
f 161/1/79 162/2/79 163/3/79
f 161/1/79 164/4/79 162/2/79
f 163/1/80 165/2/80 166/3/80
f 163/1/80 162/4/80 165/2/80
f 166/1/81 167/2/81 168/3/81
f 166/1/81 165/4/81 167/2/81
f 168/1/82 164/2/82 161/3/82
f 168/1/82 167/4/82 164/2/82
f 164/1/83 165/2/83 162/3/83
f 164/1/83 167/4/83 165/2/83
f 168/1/84 163/2/84 166/3/84
f 168/1/84 161/4/84 163/2/84
