mtllib export_20250324T154848.mtl

o Plane/BasicEnvironment/StartCube-1
v 0.09999988 0 1.1
v 0.09999991 0.2 0.9000001
v 0.09999988 0.2 1.1
v 0.09999991 0 0.9000001
v -0.1000001 0.2 0.9000001
v -0.1000002 0.2 1.1
v -0.1000001 0 0.9000001
v -0.1000002 0 1.1
vt 0 0
vt 1 1
vt 0 1
vt 1 0
vn 1 0 1.192093E-07
vn 0 1 0
vn -1 0 -1.192093E-07
vn 0 -1 0
vn 1.192093E-07 0 -1
vn -1.192093E-07 0 1
usemtl big-cube-material-dark
f 1/1/1 2/2/1 3/3/1
f 1/1/1 4/4/1 2/2/1
f 3/1/2 5/2/2 6/3/2
f 3/1/2 2/4/2 5/2/2
f 6/1/3 7/2/3 8/3/3
f 6/1/3 5/4/3 7/2/3
f 8/1/4 4/2/4 1/3/4
f 8/1/4 7/4/4 4/2/4
f 4/1/5 5/2/5 2/3/5
f 4/1/5 7/4/5 5/2/5
f 8/1/6 3/2/6 6/3/6
f 8/1/6 1/4/6 3/2/6
o Plane/BasicEnvironment/StartCube-2
v 0.1000001 0 -0.9000001
v 0.1000002 0.2 -1.1
v 0.1000001 0.2 -0.9000001
v 0.1000002 0 -1.1
v -0.09999988 0.2 -1.1
v -0.09999991 0.2 -0.9000001
v -0.09999988 0 -1.1
v -0.09999991 0 -0.9000001
usemtl big-cube-material-dark
f 9/1/1 10/2/1 11/3/1
f 9/1/1 12/4/1 10/2/1
f 11/1/2 13/2/2 14/3/2
f 11/1/2 10/4/2 13/2/2
f 14/1/3 15/2/3 16/3/3
f 14/1/3 13/4/3 15/2/3
f 16/1/4 12/2/4 9/3/4
f 16/1/4 15/4/4 12/2/4
f 12/1/5 13/2/5 10/3/5
f 12/1/5 15/4/5 13/2/5
f 16/1/6 11/2/6 14/3/6
f 16/1/6 9/4/6 11/2/6
o GridCube_0
v 0.0994676 0.001050417 -0.09936274
v -0.1004987 0.2010838 -0.09902555
v 0.09950116 0.2010504 -0.09924037
v -0.1005323 0.001083836 -0.09914792
v -0.1002839 0.2009614 0.1009743
v 0.09971596 0.200928 0.1007595
v -0.1003175 0.0009614336 0.1008519
v 0.09968241 0.0009280146 0.1006371
vn -0.001074002 0.0006120114 -0.9999993
vn 0.0001677526 0.9999998 0.0006118314
vn 0.001074002 -0.0006120114 0.9999993
vn -0.0001677526 -0.9999998 -0.0006118314
vn -0.9999994 0.0001670953 0.001074105
vn 0.9999994 -0.0001670953 -0.001074105
usemtl big-cube-material(Clone)_(Instance)
f 17/1/7 18/2/7 19/3/7
f 17/1/7 20/4/7 18/2/7
f 19/1/8 21/2/8 22/3/8
f 19/1/8 18/4/8 21/2/8
f 22/1/9 23/2/9 24/3/9
f 22/1/9 21/4/9 23/2/9
f 24/1/10 20/2/10 17/3/10
f 24/1/10 23/4/10 20/2/10
f 20/1/11 21/2/11 18/3/11
f 20/1/11 23/4/11 21/2/11
f 24/1/12 19/2/12 22/3/12
f 24/1/12 17/4/12 19/2/12
o GridPlank_0
v 0.1503533 0.3005609 0.6001583
v -0.04954347 0.2003553 0.5997872
v -0.04964648 0.3003552 0.5998864
v 0.1504563 0.200561 0.6000591
v -0.05022254 0.1998584 1.099787
v -0.05032555 0.2998583 1.099886
v 0.1497772 0.2000641 1.100058
v 0.1496742 0.3000641 1.100158
vt 1 0.5
vt 0 0.5
vt 2.5 0.5
vt 2.5 0
vt 2.5 1
vn 0.001358151 0.0009937583 -0.9999986
vn -0.9999985 -0.001028776 -0.001359284
vn -0.001358151 -0.0009937583 0.9999986
vn 0.9999985 0.001028776 0.001359284
vn -0.001030087 0.999999 0.0009922384
vn 0.001030087 -0.999999 -0.0009922384
usemtl plank-material(Clone)_(Instance)
f 25/1/13 26/5/13 27/4/13
f 25/1/13 28/6/13 26/5/13
f 27/1/14 29/7/14 30/8/14
f 27/1/14 26/6/14 29/7/14
f 30/4/15 31/6/15 32/1/15
f 30/4/15 29/5/15 31/6/15
f 32/8/16 28/6/16 25/1/16
f 32/8/16 31/7/16 28/6/16
f 27/3/17 32/8/17 25/1/17
f 27/3/17 30/9/17 32/8/17
f 29/9/18 28/1/18 31/8/18
f 29/9/18 26/3/18 28/1/18
o GridPlank_0:1
v -0.1002529 0.2995838 -0.01218507
v 0.09985512 0.1998032 -0.01299877
v 0.09974568 0.2998032 -0.01293119
v -0.1001434 0.1995839 -0.01225264
v 0.0979895 0.2001391 -0.5129952
v 0.09788005 0.3001391 -0.5129277
v -0.102009 0.1999198 -0.5122492
v -0.1021185 0.2999197 -0.5121816
vn 0.00373125 -0.0006717741 0.9999928
vn 0.9999925 0.001096904 -0.003730624
vn -0.00373125 0.0006717741 -0.9999928
vn -0.9999925 -0.001096904 0.003730624
vn -0.00109449 0.9999992 0.0006757379
vn 0.00109449 -0.9999992 -0.0006757379
usemtl plank-material(Clone)_(Instance)_1
f 33/1/19 34/5/19 35/4/19
f 33/1/19 36/6/19 34/5/19
f 35/1/20 37/7/20 38/8/20
f 35/1/20 34/6/20 37/7/20
f 38/4/21 39/6/21 40/1/21
f 38/4/21 37/5/21 39/6/21
f 40/8/22 36/6/22 33/1/22
f 40/8/22 39/7/22 36/6/22
f 35/3/23 40/8/23 33/1/23
f 35/3/23 38/9/23 40/8/23
f 37/9/24 36/1/24 39/8/24
f 37/9/24 34/3/24 36/1/24
o GridCube_0:1
v 0.1036672 0.0007769527 -0.6522766
v -0.09641463 0.2006828 -0.6544902
v 0.1035772 0.2007765 -0.6526855
v -0.09632466 0.000683296 -0.6540813
v -0.09821953 0.2010909 -0.4544987
v 0.1017723 0.2011845 -0.452694
v -0.09812956 0.001091295 -0.4540899
v 0.1018623 0.001184952 -0.4522852
vn 0.009024495 -0.002039996 -0.9999573
vn -0.0004498552 0.9999979 -0.002044139
vn -0.009024495 0.002039996 0.9999573
vn 0.0004498552 -0.9999979 0.002044139
vn -0.9999592 -0.0004682833 -0.009023558
vn 0.9999592 0.0004682833 0.009023558
usemtl big-cube-material(Clone)_(Instance)_1
f 41/1/25 42/2/25 43/3/25
f 41/1/25 44/4/25 42/2/25
f 43/1/26 45/2/26 46/3/26
f 43/1/26 42/4/26 45/2/26
f 46/1/27 47/2/27 48/3/27
f 46/1/27 45/4/27 47/2/27
f 48/1/28 44/2/28 41/3/28
f 48/1/28 47/4/28 44/2/28
f 44/1/29 45/2/29 42/3/29
f 44/1/29 47/4/29 45/2/29
f 48/1/30 43/2/30 46/3/30
f 48/1/30 41/4/30 43/2/30
o GridPlank_0:2
v -0.09814771 0.3006264 -0.5180172
v 0.1019264 0.2007751 -0.5177362
v 0.1018522 0.300775 -0.517891
v -0.0980735 0.2006265 -0.5178623
v 0.1022421 0.2000009 -1.017735
v 0.1021679 0.3000008 -1.01789
v -0.09775778 0.1998523 -1.017862
v -0.09783198 0.2998522 -1.018016
vn -0.0006314516 0.00154838 0.9999986
vn 0.9999995 0.0007430316 0.0006303788
vn 0.0006314516 -0.00154838 -0.9999986
vn -0.9999995 -0.0007430316 -0.0006303788
vn -0.0007419885 0.9999985 -0.001548767
vn 0.0007419885 -0.9999985 0.001548767
usemtl plank-material(Clone)_(Instance)_2
f 49/1/31 50/5/31 51/4/31
f 49/1/31 52/6/31 50/5/31
f 51/1/32 53/7/32 54/8/32
f 51/1/32 50/6/32 53/7/32
f 54/4/33 55/6/33 56/1/33
f 54/4/33 53/5/33 55/6/33
f 56/8/34 52/6/34 49/1/34
f 56/8/34 55/7/34 52/6/34
f 51/3/35 56/8/35 49/1/35
f 51/3/35 54/9/35 56/8/35
f 53/9/36 52/1/36 55/8/36
f 53/9/36 50/3/36 52/1/36
o GridCube_0:2
v 0.09968128 0.001197609 0.5008826
v -0.1003666 0.2011486 0.5015246
v 0.09963322 0.2011972 0.5013056
v -0.1003186 0.00114909 0.5011016
v -0.1001476 0.2007257 0.701524
v 0.09985227 0.2007742 0.7013051
v -0.1000995 0.0007261608 0.701101
v 0.09990033 0.0007746795 0.7008821
vn -0.001095213 0.002114647 -0.9999972
vn -0.0002402775 0.9999978 0.002114911
vn 0.001095213 -0.002114647 0.9999972
vn 0.0002402775 -0.9999978 -0.002114911
vn -0.9999994 -0.0002425931 0.001094702
vn 0.9999994 0.0002425931 -0.001094702
usemtl big-cube-material(Clone)_(Instance)_2
f 57/1/37 58/2/37 59/3/37
f 57/1/37 60/4/37 58/2/37
f 59/1/38 61/2/38 62/3/38
f 59/1/38 58/4/38 61/2/38
f 62/1/39 63/2/39 64/3/39
f 62/1/39 61/4/39 63/2/39
f 64/1/40 60/2/40 57/3/40
f 64/1/40 63/4/40 60/2/40
f 60/1/41 61/2/41 58/3/41
f 60/1/41 63/4/41 61/2/41
f 64/1/42 59/2/42 62/3/42
f 64/1/42 57/4/42 59/2/42
o GridPlank_0:3
v 0.1049831 0.2997807 0.04991113
v -0.09505502 0.199875 0.04801051
v -0.09500755 0.299875 0.04797892
v 0.1049356 0.1997807 0.04994272
v -0.0998855 0.2000353 0.5479871
v -0.09983803 0.3000353 0.5479555
v 0.1001051 0.1999409 0.5499193
v 0.1001526 0.2999409 0.5498877
vn 0.00966096 -0.000320524 -0.9999533
vn -0.9999532 0.0004717112 -0.009661049
vn -0.00966096 0.000320524 0.9999533
vn 0.9999532 -0.0004717112 0.009661049
vn 0.000474751 0.9999998 -0.0003159046
vn -0.000474751 -0.9999998 0.0003159046
usemtl plank-material(Clone)_(Instance)_3
f 65/1/43 66/5/43 67/4/43
f 65/1/43 68/6/43 66/5/43
f 67/1/44 69/7/44 70/8/44
f 67/1/44 66/6/44 69/7/44
f 70/4/45 71/6/45 72/1/45
f 70/4/45 69/5/45 71/6/45
f 72/8/46 68/6/46 65/1/46
f 72/8/46 71/7/46 68/6/46
f 67/3/47 72/8/47 65/1/47
f 67/3/47 70/9/47 72/8/47
f 69/9/48 68/1/48 71/8/48
f 69/9/48 66/3/48 68/1/48
