mtllib export_20250324T161245.mtl

o Plane/BasicEnvironment/StartCube-1
v 0.09999988 0 1.1
v 0.09999991 0.2 0.9000001
v 0.09999988 0.2 1.1
v 0.09999991 0 0.9000001
v -0.1000001 0.2 0.9000001
v -0.1000002 0.2 1.1
v -0.1000001 0 0.9000001
v -0.1000002 0 1.1
vt 0 0
vt 1 1
vt 0 1
vt 1 0
vn 1 0 1.192093E-07
vn 0 1 0
vn -1 0 -1.192093E-07
vn 0 -1 0
vn 1.192093E-07 0 -1
vn -1.192093E-07 0 1
usemtl big-cube-material-dark
f 1/1/1 2/2/1 3/3/1
f 1/1/1 4/4/1 2/2/1
f 3/1/2 5/2/2 6/3/2
f 3/1/2 2/4/2 5/2/2
f 6/1/3 7/2/3 8/3/3
f 6/1/3 5/4/3 7/2/3
f 8/1/4 4/2/4 1/3/4
f 8/1/4 7/4/4 4/2/4
f 4/1/5 5/2/5 2/3/5
f 4/1/5 7/4/5 5/2/5
f 8/1/6 3/2/6 6/3/6
f 8/1/6 1/4/6 3/2/6
o Plane/BasicEnvironment/StartCube-2
v 0.1000001 0 -0.9000001
v 0.1000002 0.2 -1.1
v 0.1000001 0.2 -0.9000001
v 0.1000002 0 -1.1
v -0.09999988 0.2 -1.1
v -0.09999991 0.2 -0.9000001
v -0.09999988 0 -1.1
v -0.09999991 0 -0.9000001
usemtl big-cube-material-dark
f 9/1/1 10/2/1 11/3/1
f 9/1/1 12/4/1 10/2/1
f 11/1/2 13/2/2 14/3/2
f 11/1/2 10/4/2 13/2/2
f 14/1/3 15/2/3 16/3/3
f 14/1/3 13/4/3 15/2/3
f 16/1/4 12/2/4 9/3/4
f 16/1/4 15/4/4 12/2/4
f 12/1/5 13/2/5 10/3/5
f 12/1/5 15/4/5 13/2/5
f 16/1/6 11/2/6 14/3/6
f 16/1/6 9/4/6 11/2/6
o GridCube_0
v -0.1032855 0.0006632645 -0.1000503
v -0.1035395 0.2005216 0.1000912
v -0.1035524 0.200663 -0.09990878
v -0.1032726 0.0005217857 0.09994968
v 0.0964603 0.2007885 0.1000785
v 0.09644748 0.20093 -0.09992142
v 0.09672719 0.0007886898 0.09993704
v 0.09671437 0.0009301685 -0.1000629
vn -0.9999991 -0.00133452 6.318092E-05
vn -0.001334475 0.9999989 0.000707479
vn 0.9999991 0.00133452 -6.318092E-05
vn 0.001334475 -0.9999989 -0.000707479
vn 6.41346E-05 -0.0007073942 0.9999998
vn -6.41346E-05 0.0007073942 -0.9999998
usemtl big-cube-material(Clone)_(Instance)
f 17/1/7 18/2/7 19/3/7
f 17/1/7 20/4/7 18/2/7
f 19/1/8 21/2/8 22/3/8
f 19/1/8 18/4/8 21/2/8
f 22/1/9 23/2/9 24/3/9
f 22/1/9 21/4/9 23/2/9
f 24/1/10 20/2/10 17/3/10
f 24/1/10 23/4/10 20/2/10
f 20/1/11 21/2/11 18/3/11
f 20/1/11 23/4/11 21/2/11
f 24/1/12 19/2/12 22/3/12
f 24/1/12 17/4/12 19/2/12
o GridCube_0:1
v -0.1024195 0.001091215 -0.4502726
v 0.09728495 0.2013859 -0.4506857
v -0.1027148 0.2010905 -0.4507253
v 0.09758032 0.001386674 -0.4502329
v 0.0973253 0.2009332 -0.6506852
v -0.1026745 0.2006378 -0.6507248
v 0.09762067 0.0009339569 -0.6502324
v -0.1023791 0.0006384976 -0.6502721
vn -0.0002017438 0.002263587 0.9999974
vn -0.001476843 0.9999964 -0.002263883
vn 0.0002017438 -0.002263587 -0.9999974
vn 0.001476843 -0.9999964 0.002263883
vn 0.9999989 0.001477296 0.0001984001
vn -0.9999989 -0.001477296 -0.0001984001
usemtl big-cube-material(Clone)_(Instance)_1
f 25/1/13 26/2/13 27/3/13
f 25/1/13 28/4/13 26/2/13
f 27/1/14 29/2/14 30/3/14
f 27/1/14 26/4/14 29/2/14
f 30/1/15 31/2/15 32/3/15
f 30/1/15 29/4/15 31/2/15
f 32/1/16 28/2/16 25/3/16
f 32/1/16 31/4/16 28/2/16
f 28/1/17 29/2/17 26/3/17
f 28/1/17 31/4/17 29/2/17
f 32/1/18 27/2/18 30/3/18
f 32/1/18 25/4/18 27/2/18
o GridPlank_0
v -0.09980505 0.3009283 -0.5064521
v 0.1001132 0.200765 -0.5065684
v 0.1001947 0.3007648 -0.5067574
v -0.0998865 0.2009285 -0.5062631
v 0.09934921 0.1998209 -1.006567
v 0.09943066 0.2998207 -1.006756
v -0.1006505 0.1999844 -1.006262
v -0.1005691 0.2999842 -1.006451
vt 1 0.5
vt 0 0.5
vt 2.5 0.5
vt 2.5 0
vt 2.5 1
vn 0.001528025 0.001888156 0.999997
vn 0.9999985 -0.0008175372 -0.001526594
vn -0.001528025 -0.001888156 -0.999997
vn -0.9999985 0.0008175372 0.001526594
vn 0.0008144974 0.9999979 -0.001889467
vn -0.0008144974 -0.9999979 0.001889467
usemtl plank-material(Clone)_(Instance)
f 33/1/19 34/5/19 35/4/19
f 33/1/19 36/6/19 34/5/19
f 35/1/20 37/7/20 38/8/20
f 35/1/20 34/6/20 37/7/20
f 38/4/21 39/6/21 40/1/21
f 38/4/21 37/5/21 39/6/21
f 40/8/22 36/6/22 33/1/22
f 40/8/22 39/7/22 36/6/22
f 35/3/23 40/8/23 33/1/23
f 35/3/23 38/9/23 40/8/23
f 37/9/24 36/1/24 39/8/24
f 37/9/24 34/3/24 36/1/24
o GridPlank_0:1
v -0.09392525 0.2001354 -0.4996009
v 0.106138 0.2999749 -0.5022013
v 0.1060554 0.1999751 -0.5023777
v -0.09384268 0.3001352 -0.4994244
v 0.1130796 0.2990869 -0.002250219
v 0.112997 0.1990871 -0.002426696
v -0.08690112 0.2992472 0.0005266719
v -0.0869837 0.1992474 0.0003501944
vn -0.01388311 0.00177601 -0.999902
vn 0.9999033 -0.0008013247 -0.01388445
vn 0.01388311 -0.00177601 0.999902
vn -0.9999033 0.0008013247 0.01388445
vn -0.0008257627 -0.9999982 -0.001764774
vn 0.0008257627 0.9999982 0.001764774
usemtl plank-material(Clone)_(Instance)_1
f 41/1/25 42/5/25 43/4/25
f 41/1/25 44/6/25 42/5/25
f 43/1/26 45/7/26 46/8/26
f 43/1/26 42/6/26 45/7/26
f 46/4/27 47/6/27 48/1/27
f 46/4/27 45/5/27 47/6/27
f 48/8/28 44/6/28 41/1/28
f 48/8/28 47/7/28 44/6/28
f 43/3/29 48/8/29 41/1/29
f 43/3/29 46/9/29 48/8/29
f 45/9/30 44/1/30 47/8/30
f 45/9/30 42/3/30 44/1/30
o GridPlank_0:2
v -0.09840851 0.3000152 0.5510167
v 0.1015626 0.1999577 0.5507883
v 0.1015911 0.2999576 0.5506433
v -0.09843703 0.2000153 0.5511618
v 0.1006288 0.1992326 0.0507897
v 0.1006573 0.2992325 0.05064462
v -0.09937086 0.1992902 0.05116316
v -0.09934233 0.2992901 0.05101808
vn 0.001867652 0.001450181 0.9999972
vn 0.9999982 -0.0002880096 -0.001867294
vn -0.001867652 -0.001450181 -0.9999972
vn -0.9999982 0.0002880096 0.001867294
vn 0.0002852976 0.9999989 -0.001450777
vn -0.0002852976 -0.9999989 0.001450777
usemtl plank-material(Clone)_(Instance)_2
f 49/1/31 50/5/31 51/4/31
f 49/1/31 52/6/31 50/5/31
f 51/1/32 53/7/32 54/8/32
f 51/1/32 50/6/32 53/7/32
f 54/4/33 55/6/33 56/1/33
f 54/4/33 53/5/33 55/6/33
f 56/8/34 52/6/34 49/1/34
f 56/8/34 55/7/34 52/6/34
f 51/3/35 56/8/35 49/1/35
f 51/3/35 54/9/35 56/8/35
f 53/9/36 52/1/36 55/8/36
f 53/9/36 50/3/36 52/1/36
o GridCube_0:2
v -0.100326 0.0007641197 0.7002636
v 0.09976641 0.2006699 0.701106
v -0.1002334 0.2007632 0.7008574
v 0.09967381 0.0006707816 0.7005122
v 0.1000152 0.2012635 0.501107
v -0.09998461 0.2013569 0.5008584
v 0.09992263 0.001264435 0.5005132
v -0.1000772 0.001357773 0.5002646
vn -0.001244106 -0.002968267 0.9999948
vn 0.0004629994 0.9999955 0.002968844
vn 0.001244106 0.002968267 -0.9999948
vn -0.0004629994 -0.9999955 -0.002968844
vn 0.9999991 -0.0004666906 0.001242726
vn -0.9999991 0.0004666906 -0.001242726
usemtl big-cube-material(Clone)_(Instance)_2
f 57/1/37 58/2/37 59/3/37
f 57/1/37 60/4/37 58/2/37
f 59/1/38 61/2/38 62/3/38
f 59/1/38 58/4/38 61/2/38
f 62/1/39 63/2/39 64/3/39
f 62/1/39 61/4/39 63/2/39
f 64/1/40 60/2/40 57/3/40
f 64/1/40 63/4/40 60/2/40
f 60/1/41 61/2/41 58/3/41
f 60/1/41 63/4/41 61/2/41
f 64/1/42 59/2/42 62/3/42
f 64/1/42 57/4/42 59/2/42
o GridPlank_0:3
v -0.1009605 0.3000015 1.053382
v 0.09886227 0.1996501 1.052686
v 0.09903861 0.2996498 1.052882
v -0.1011368 0.2000018 1.053187
v 0.09761277 0.2006294 0.552689
v 0.09778911 0.300629 0.5528844
v -0.1023863 0.2009811 0.5531895
v -0.10221 0.3009807 0.5533849
vn 0.002498984 -0.001958549 0.9999949
vn 0.9999953 -0.001758456 -0.002502382
vn -0.002498984 0.001958549 -0.9999949
vn -0.9999953 0.001758456 0.002502382
vn 0.001763404 0.9999965 0.001954198
vn -0.001763404 -0.9999965 -0.001954198
usemtl plank-material(Clone)_(Instance)_3
f 65/1/43 66/5/43 67/4/43
f 65/1/43 68/6/43 66/5/43
f 67/1/44 69/7/44 70/8/44
f 67/1/44 66/6/44 69/7/44
f 70/4/45 71/6/45 72/1/45
f 70/4/45 69/5/45 71/6/45
f 72/8/46 68/6/46 65/1/46
f 72/8/46 71/7/46 68/6/46
f 67/3/47 72/8/47 65/1/47
f 67/3/47 70/9/47 72/8/47
f 69/9/48 68/1/48 71/8/48
f 69/9/48 66/3/48 68/1/48
