mtllib export_20250320T104715.mtl

o Plane/BasicEnvironment/StartCube-1
v 0.09999988 0 1.1
v 0.09999991 0.2 0.9000001
v 0.09999988 0.2 1.1
v 0.09999991 0 0.9000001
v -0.1000001 0.2 0.9000001
v -0.1000002 0.2 1.1
v -0.1000001 0 0.9000001
v -0.1000002 0 1.1
vt 0 0
vt 1 1
vt 0 1
vt 1 0
vn 1 0 1.192093E-07
vn 0 1 0
vn -1 0 -1.192093E-07
vn 0 -1 0
vn 1.192093E-07 0 -1
vn -1.192093E-07 0 1
usemtl big-cube-material-dark
f 1/1/1 2/2/1 3/3/1
f 1/1/1 4/4/1 2/2/1
f 3/1/2 5/2/2 6/3/2
f 3/1/2 2/4/2 5/2/2
f 6/1/3 7/2/3 8/3/3
f 6/1/3 5/4/3 7/2/3
f 8/1/4 4/2/4 1/3/4
f 8/1/4 7/4/4 4/2/4
f 4/1/5 5/2/5 2/3/5
f 4/1/5 7/4/5 5/2/5
f 8/1/6 3/2/6 6/3/6
f 8/1/6 1/4/6 3/2/6
o Plane/BasicEnvironment/StartCube-2
v 0.1000001 0 -0.9000001
v 0.1000002 0.2 -1.1
v 0.1000001 0.2 -0.9000001
v 0.1000002 0 -1.1
v -0.09999988 0.2 -1.1
v -0.09999991 0.2 -0.9000001
v -0.09999988 0 -1.1
v -0.09999991 0 -0.9000001
usemtl big-cube-material-dark
f 9/1/1 10/2/1 11/3/1
f 9/1/1 12/4/1 10/2/1
f 11/1/2 13/2/2 14/3/2
f 11/1/2 10/4/2 13/2/2
f 14/1/3 15/2/3 16/3/3
f 14/1/3 13/4/3 15/2/3
f 16/1/4 12/2/4 9/3/4
f 16/1/4 15/4/4 12/2/4
f 12/1/5 13/2/5 10/3/5
f 12/1/5 15/4/5 13/2/5
f 16/1/6 11/2/6 14/3/6
f 16/1/6 9/4/6 11/2/6
o GridCube_0
v 0.08897594 0.000728833 -0.3073066
v -0.1108322 0.2008541 -0.3021491
v 0.08908856 0.2007283 -0.3077787
v -0.1109448 0.0008546994 -0.301677
v -0.1052022 0.2013229 -0.1022289
v 0.09471847 0.201197 -0.1078585
v -0.1053149 0.001323444 -0.1017568
v 0.09460585 0.001197578 -0.1073864
vn -0.02814954 -0.002343725 -0.9996009
vn 0.0005631097 0.999997 -0.002360511
vn 0.02814954 0.002343725 0.9996009
vn -0.0005631097 -0.999997 0.002360511
vn -0.9996036 0.0006293324 0.02814814
vn 0.9996036 -0.0006293324 -0.02814814
usemtl big-cube-material(Clone)_(Instance)
f 17/1/7 18/2/7 19/3/7
f 17/1/7 20/4/7 18/2/7
f 19/1/8 21/2/8 22/3/8
f 19/1/8 18/4/8 21/2/8
f 22/1/9 23/2/9 24/3/9
f 22/1/9 21/4/9 23/2/9
f 24/1/10 20/2/10 17/3/10
f 24/1/10 23/4/10 20/2/10
f 20/1/11 21/2/11 18/3/11
f 20/1/11 23/4/11 21/2/11
f 24/1/12 19/2/12 22/3/12
f 24/1/12 17/4/12 19/2/12
o GridPlank_0
v -0.08785386 0.2004326 -0.1441125
v 0.1124952 0.2997307 -0.1445145
v 0.1121443 0.1997313 -0.144599
v -0.08750302 0.300432 -0.144028
v 0.1137099 0.2993038 0.3554839
v 0.1133591 0.1993044 0.3553993
v -0.08628827 0.3000051 0.3559704
v -0.08663912 0.2000057 0.3558858
vt 1 0.5
vt 0 0.5
vt 2.5 0.5
vt 2.5 0
vt 2.5 1
vn -0.002429485 0.0008538663 -0.9999967
vn 0.9999909 -0.003506541 -0.002432495
vn 0.002429485 -0.0008538663 0.9999967
vn -0.9999909 0.003506541 0.002432495
vn -0.003508508 -0.9999935 -0.0008454322
vn 0.003508508 0.9999935 0.0008454322
usemtl plank-material(Clone)_(Instance)
f 25/1/13 26/5/13 27/4/13
f 25/1/13 28/6/13 26/5/13
f 27/1/14 29/7/14 30/8/14
f 27/1/14 26/6/14 29/7/14
f 30/4/15 31/6/15 32/1/15
f 30/4/15 29/5/15 31/6/15
f 32/8/16 28/6/16 25/1/16
f 32/8/16 31/7/16 28/6/16
f 27/3/17 32/8/17 25/1/17
f 27/3/17 30/9/17 32/8/17
f 29/9/18 28/1/18 31/8/18
f 29/9/18 26/3/18 28/1/18
o GridCube_0:1
v -0.099988 0.2010635 -0.5500709
v 0.1000141 0.2009882 -0.7500688
v -0.09998587 0.20099 -0.7500709
v 0.100012 0.2010617 -0.5500688
v 0.1000124 0.0009882498 -0.7499953
v -0.0999876 0.0009899866 -0.7499974
v 0.1000103 0.001061754 -0.5499953
v -0.09998973 0.001063491 -0.5499974
vn 8.688162E-06 0.9999999 -0.0003675223
vn 1.066596E-05 -0.0003675223 -0.9999999
vn -8.688162E-06 -0.9999999 0.0003675223
vn -1.066596E-05 0.0003675223 0.9999999
vn 1 -8.684242E-06 1.066915E-05
vn -1 8.684242E-06 -1.066915E-05
usemtl big-cube-material(Clone)_(Instance)_1
f 33/1/19 34/2/19 35/3/19
f 33/1/19 36/4/19 34/2/19
f 35/1/20 37/2/20 38/3/20
f 35/1/20 34/4/20 37/2/20
f 38/1/21 39/2/21 40/3/21
f 38/1/21 37/4/21 39/2/21
f 40/1/22 36/2/22 33/3/22
f 40/1/22 39/4/22 36/2/22
f 36/1/23 37/2/23 34/3/23
f 36/1/23 39/4/23 37/2/23
f 40/1/24 35/2/24 38/3/24
f 40/1/24 33/4/24 35/2/24
o GridCube_0:2
v -0.1497639 0.2011209 0.2519318
v 0.0503569 0.2008838 0.4518109
v 0.05023612 0.2011162 0.251811
v -0.1496431 0.2008884 0.4519317
v 0.05035212 0.0008838967 0.4515784
v 0.05023134 0.001116331 0.2515786
v -0.1496478 0.0008885458 0.4516992
v -0.1497686 0.00112098 0.2516994
vn 2.390146E-05 0.9999993 0.00116229
vn 0.9999999 -2.324581E-05 -0.0006038845
vn -2.390146E-05 -0.9999993 -0.00116229
vn -0.9999999 2.324581E-05 0.0006038845
vn 0.0006039141 -0.001162171 0.9999991
vn -0.0006039141 0.001162171 -0.9999991
usemtl big-cube-material(Clone)_(Instance)_2
f 41/1/25 42/2/25 43/3/25
f 41/1/25 44/4/25 42/2/25
f 43/1/26 45/2/26 46/3/26
f 43/1/26 42/4/26 45/2/26
f 46/1/27 47/2/27 48/3/27
f 46/1/27 45/4/27 47/2/27
f 48/1/28 44/2/28 41/3/28
f 48/1/28 47/4/28 44/2/28
f 44/1/29 45/2/29 42/3/29
f 44/1/29 47/4/29 45/2/29
f 48/1/30 43/2/30 46/3/30
f 48/1/30 41/4/30 43/2/30
o GridPlank_0:1
v 0.09391401 0.3003146 0.4057127
v -0.1061302 0.2004372 0.4083259
v -0.1060678 0.3004371 0.4084041
v 0.09385169 0.2003147 0.4056345
v -0.09940199 0.2000418 0.9082805
v -0.09933967 0.3000418 0.9083587
v 0.1005799 0.1999193 0.9055891
v 0.1006422 0.2999193 0.9056673
vn -0.01345634 0.0007906556 -0.9999092
vn -0.9999093 0.000612557 0.01345691
vn 0.01345634 -0.0007906556 0.9999092
vn 0.9999093 -0.000612557 -0.01345691
vn 0.0006231368 0.9999995 0.0007823706
vn -0.0006231368 -0.9999995 -0.0007823706
usemtl plank-material(Clone)_(Instance)_1
f 49/1/31 50/5/31 51/4/31
f 49/1/31 52/6/31 50/5/31
f 51/1/32 53/7/32 54/8/32
f 51/1/32 50/6/32 53/7/32
f 54/4/33 55/6/33 56/1/33
f 54/4/33 53/5/33 55/6/33
f 56/8/34 52/6/34 49/1/34
f 56/8/34 55/7/34 52/6/34
f 51/3/35 56/8/35 49/1/35
f 51/3/35 54/9/35 56/8/35
f 53/9/36 52/1/36 55/8/36
f 53/9/36 50/3/36 52/1/36
o GridPlank_0:2
v 0.1043632 0.1994661 -0.1457108
v -0.09522147 0.300284 -0.1443924
v -0.0956316 0.2002849 -0.1445136
v 0.1047733 0.2994652 -0.1455896
v -0.09821178 0.3009022 -0.6443831
v -0.0986219 0.2009031 -0.6445043
v 0.101783 0.3000835 -0.6455803
v 0.1013729 0.2000844 -0.6457015
vn 0.005980611 -0.001236469 0.9999814
vn -0.9999737 0.004093885 0.005985677
vn -0.005980611 0.001236469 -0.9999814
vn 0.9999737 -0.004093885 -0.005985677
vn -0.004101276 -0.9999908 -0.001212001
vn 0.004101276 0.9999908 0.001212001
usemtl plank-material(Clone)_(Instance)_2
f 57/1/37 58/5/37 59/4/37
f 57/1/37 60/6/37 58/5/37
f 59/1/38 61/7/38 62/8/38
f 59/1/38 58/6/38 61/7/38
f 62/4/39 63/6/39 64/1/39
f 62/4/39 61/5/39 63/6/39
f 64/8/40 60/6/40 57/1/40
f 64/8/40 63/7/40 60/6/40
f 59/3/41 64/8/41 57/1/41
f 59/3/41 62/9/41 64/8/41
f 61/9/42 60/1/42 63/8/42
f 61/9/42 58/3/42 60/1/42
o GridPlank_0:3
v -0.09251554 0.1999726 -1.200721
v 0.1073665 0.3001005 -1.196076
v 0.1074296 0.2001006 -1.196037
v -0.0925786 0.2999726 -1.20076
v 0.09565599 0.300287 -0.6962128
v 0.09571906 0.2002871 -0.6961741
v -0.1042891 0.3001591 -0.700897
v -0.1042261 0.2001591 -0.7008582
vn 0.02342105 -0.0003730058 -0.9997256
vn 0.9997255 0.0006395578 0.02342087
vn -0.02342105 0.0003730058 0.9997256
vn -0.9997255 -0.0006395578 -0.02342087
vn 0.0006307064 -0.9999997 0.0003877878
vn -0.0006307064 0.9999997 -0.0003877878
usemtl plank-material(Clone)_(Instance)_3
f 65/1/43 66/5/43 67/4/43
f 65/1/43 68/6/43 66/5/43
f 67/1/44 69/7/44 70/8/44
f 67/1/44 66/6/44 69/7/44
f 70/4/45 71/6/45 72/1/45
f 70/4/45 69/5/45 71/6/45
f 72/8/46 68/6/46 65/1/46
f 72/8/46 71/7/46 68/6/46
f 67/3/47 72/8/47 65/1/47
f 67/3/47 70/9/47 72/8/47
f 69/9/48 68/1/48 71/8/48
f 69/9/48 66/3/48 68/1/48
