mtllib export_20250324T143857.mtl

o Plane/BasicEnvironment/StartCube-1
v 0.09999988 0 1.1
v 0.09999991 0.2 0.9000001
v 0.09999988 0.2 1.1
v 0.09999991 0 0.9000001
v -0.1000001 0.2 0.9000001
v -0.1000002 0.2 1.1
v -0.1000001 0 0.9000001
v -0.1000002 0 1.1
vt 0 0
vt 1 1
vt 0 1
vt 1 0
vn 1 0 1.192093E-07
vn 0 1 0
vn -1 0 -1.192093E-07
vn 0 -1 0
vn 1.192093E-07 0 -1
vn -1.192093E-07 0 1
usemtl big-cube-material-dark
f 1/1/1 2/2/1 3/3/1
f 1/1/1 4/4/1 2/2/1
f 3/1/2 5/2/2 6/3/2
f 3/1/2 2/4/2 5/2/2
f 6/1/3 7/2/3 8/3/3
f 6/1/3 5/4/3 7/2/3
f 8/1/4 4/2/4 1/3/4
f 8/1/4 7/4/4 4/2/4
f 4/1/5 5/2/5 2/3/5
f 4/1/5 7/4/5 5/2/5
f 8/1/6 3/2/6 6/3/6
f 8/1/6 1/4/6 3/2/6
o Plane/BasicEnvironment/StartCube-2
v 0.1000001 0 -0.9000001
v 0.1000002 0.2 -1.1
v 0.1000001 0.2 -0.9000001
v 0.1000002 0 -1.1
v -0.09999988 0.2 -1.1
v -0.09999991 0.2 -0.9000001
v -0.09999988 0 -1.1
v -0.09999991 0 -0.9000001
usemtl big-cube-material-dark
f 9/1/1 10/2/1 11/3/1
f 9/1/1 12/4/1 10/2/1
f 11/1/2 13/2/2 14/3/2
f 11/1/2 10/4/2 13/2/2
f 14/1/3 15/2/3 16/3/3
f 14/1/3 13/4/3 15/2/3
f 16/1/4 12/2/4 9/3/4
f 16/1/4 15/4/4 12/2/4
f 12/1/5 13/2/5 10/3/5
f 12/1/5 15/4/5 13/2/5
f 16/1/6 11/2/6 14/3/6
f 16/1/6 9/4/6 11/2/6
o GridSmallCube_0
v 0.1999497 0.00109805 -0.8548836
v 0.2009206 0.1008912 -0.9550853
v 0.1999654 0.1010978 -0.8550901
v 0.2009049 0.0008913684 -0.9548787
v 0.1009251 0.1009049 -0.9560405
v 0.09996993 0.1011116 -0.8560453
v 0.1009094 0.0009050911 -0.955834
v 0.09995423 0.001111772 -0.8558388
vn 0.9999544 -0.0001372267 0.009552241
vn 0.0001569628 0.9999979 -0.002065407
vn -0.9999544 0.0001372267 -0.009552241
vn -0.0001569628 -0.9999979 0.002065407
vn 0.009552003 -0.002066812 -0.9999523
vn -0.009552003 0.002066812 0.9999523
usemtl small-cube-material(Clone)_(Instance)
f 17/1/7 18/2/7 19/3/7
f 17/1/7 20/4/7 18/2/7
f 19/1/8 21/2/8 22/3/8
f 19/1/8 18/4/8 21/2/8
f 22/1/9 23/2/9 24/3/9
f 22/1/9 21/4/9 23/2/9
f 24/1/10 20/2/10 17/3/10
f 24/1/10 23/4/10 20/2/10
f 20/1/11 21/2/11 18/3/11
f 20/1/11 23/4/11 21/2/11
f 24/1/12 19/2/12 22/3/12
f 24/1/12 17/4/12 19/2/12
o GridSmallCube_0:1
v 0.09417441 0.0005222171 -0.555969
v 0.1937177 0.1009672 -0.5545771
v 0.09372704 0.1005212 -0.555869
v 0.1941651 0.0009682617 -0.5546771
v 0.1950092 0.101073 -0.6545687
v 0.09501851 0.100627 -0.6558606
v 0.1954565 0.001074092 -0.6546687
v 0.09546589 0.0006280476 -0.6559606
vn -0.01291479 -0.001058304 0.999916
vn -0.004473743 0.9999895 0.0010006
vn 0.01291479 0.001058304 -0.999916
vn 0.004473743 -0.9999895 -0.0010006
vn 0.9999066 0.004460445 0.01291939
vn -0.9999066 -0.004460445 -0.01291939
usemtl small-cube-material(Clone)_(Instance)_1
f 25/1/13 26/2/13 27/3/13
f 25/1/13 28/4/13 26/2/13
f 27/1/14 29/2/14 30/3/14
f 27/1/14 26/4/14 29/2/14
f 30/1/15 31/2/15 32/3/15
f 30/1/15 29/4/15 31/2/15
f 32/1/16 28/2/16 25/3/16
f 32/1/16 31/4/16 28/2/16
f 28/1/17 29/2/17 26/3/17
f 28/1/17 31/4/17 29/2/17
f 32/1/18 27/2/18 30/3/18
f 32/1/18 25/4/18 27/2/18
o GridSmallCube_0:2
v 0.1061803 0.0009555742 -0.6555873
v 0.2060834 0.1010519 -0.6552679
v 0.106084 0.1009555 -0.6556048
v 0.2061797 0.001051935 -0.6552503
v 0.2064204 0.1010346 -0.7552673
v 0.106421 0.1009383 -0.7556043
v 0.2065167 0.001034677 -0.7552497
v 0.1065173 0.0009383165 -0.7555867
vn -0.003370111 0.000172576 0.9999943
vn -0.0009630187 0.9999996 -0.0001758224
vn 0.003370111 -0.000172576 -0.9999943
vn 0.0009630187 -0.9999996 0.0001758224
vn 0.9999939 0.0009636058 0.003369943
vn -0.9999939 -0.0009636058 -0.003369943
usemtl small-cube-material(Clone)_(Instance)_2
f 33/1/19 34/2/19 35/3/19
f 33/1/19 36/4/19 34/2/19
f 35/1/20 37/2/20 38/3/20
f 35/1/20 34/4/20 37/2/20
f 38/1/21 39/2/21 40/3/21
f 38/1/21 37/4/21 39/2/21
f 40/1/22 36/2/22 33/3/22
f 40/1/22 39/4/22 36/2/22
f 36/1/23 37/2/23 34/3/23
f 36/1/23 39/4/23 37/2/23
f 40/1/24 35/2/24 38/3/24
f 40/1/24 33/4/24 35/2/24
o GridSmallCube_0:3
v 0.2062703 0.0009881465 -0.7552987
v 0.2065407 0.101048 -0.8552384
v 0.206243 0.1009881 -0.7552388
v 0.206568 0.001048061 -0.8552982
v 0.1065412 0.1010209 -0.8555362
v 0.1062434 0.100961 -0.7555366
v 0.1065685 0.001020955 -0.855596
v 0.1062707 0.0009610398 -0.7555965
vn 0.9999955 0.0002710679 0.002977848
vn -0.0002728507 0.9999998 0.000598339
vn -0.9999955 -0.0002710679 -0.002977848
vn 0.0002728507 -0.9999998 -0.000598339
vn 0.00297761 0.0005991487 -0.9999954
vn -0.00297761 -0.0005991487 0.9999954
usemtl small-cube-material(Clone)_(Instance)_3
f 41/1/25 42/2/25 43/3/25
f 41/1/25 44/4/25 42/2/25
f 43/1/26 45/2/26 46/3/26
f 43/1/26 42/4/26 45/2/26
f 46/1/27 47/2/27 48/3/27
f 46/1/27 45/4/27 47/2/27
f 48/1/28 44/2/28 41/3/28
f 48/1/28 47/4/28 44/2/28
f 44/1/29 45/2/29 42/3/29
f 44/1/29 47/4/29 45/2/29
f 48/1/30 43/2/30 46/3/30
f 48/1/30 41/4/30 43/2/30
o GridSmallCube_0:4
v 0.1010368 0.0003964908 -0.3508744
v 0.2008687 0.1005636 -0.3504937
v 0.1008688 0.1003954 -0.3504272
v 0.2010366 0.0005647483 -0.3509408
v 0.2008015 0.1010106 -0.4504926
v 0.1008016 0.1008424 -0.4504262
v 0.2009694 0.001011773 -0.4509398
v 0.1009696 0.0008435157 -0.4508733
vn 0.0006719646 -0.004470249 0.9999898
vn -0.001679587 0.9999886 0.004471372
vn -0.0006719646 0.004470249 -0.9999898
vn 0.001679587 -0.9999886 -0.004471372
vn 0.9999984 0.001682575 -0.0006644487
vn -0.9999984 -0.001682575 0.0006644487
usemtl small-cube-material(Clone)_(Instance)_4
f 49/1/31 50/2/31 51/3/31
f 49/1/31 52/4/31 50/2/31
f 51/1/32 53/2/32 54/3/32
f 51/1/32 50/4/32 53/2/32
f 54/1/33 55/2/33 56/3/33
f 54/1/33 53/4/33 55/2/33
f 56/1/34 52/2/34 49/3/34
f 56/1/34 55/4/34 52/2/34
f 52/1/35 53/2/35 50/3/35
f 52/1/35 55/4/35 53/2/35
f 56/1/36 51/2/36 54/3/36
f 56/1/36 49/4/36 51/2/36
o GridSmallCube_0:5
v 0.1011056 0.001192446 -0.4510598
v 0.2011369 0.1011608 -0.4508042
v 0.1011387 0.1011918 -0.4514038
v 0.2011038 0.001161438 -0.4504602
v 0.2017364 0.1008167 -0.5508018
v 0.1017382 0.1008477 -0.5514014
v 0.2017033 0.0008172812 -0.5504578
v 0.1017051 0.0008482893 -0.5510574
vn -0.005995073 0.003441566 0.9999761
vn 0.0003307104 0.999994 -0.003439645
vn 0.005995073 -0.003441566 -0.9999761
vn -0.0003307104 -0.999994 0.003439645
vn 0.9999819 -0.0003100816 0.005996176
vn -0.9999819 0.0003100816 -0.005996176
usemtl small-cube-material(Clone)_(Instance)_5
f 57/1/37 58/2/37 59/3/37
f 57/1/37 60/4/37 58/2/37
f 59/1/38 61/2/38 62/3/38
f 59/1/38 58/4/38 61/2/38
f 62/1/39 63/2/39 64/3/39
f 62/1/39 61/4/39 63/2/39
f 64/1/40 60/2/40 57/3/40
f 64/1/40 63/4/40 60/2/40
f 60/1/41 61/2/41 58/3/41
f 60/1/41 63/4/41 61/2/41
f 64/1/42 59/2/42 62/3/42
f 64/1/42 57/4/42 59/2/42
o GridSmallCube_0:6
v 0.1998279 0.0009986649 0.7519882
v 0.1982814 0.1010342 0.6520357
v 0.1997941 0.1009987 0.7520242
v 0.1983152 0.001034172 0.6519997
v 0.09829284 0.1009998 0.6535484
v 0.09980559 0.1009643 0.753537
v 0.09832662 0.0009998491 0.6535124
v 0.09983937 0.0009643422 0.7535009
vn 0.9998855 0.0003432278 -0.01512742
vn -0.0003378173 0.9999999 0.0003602205
vn -0.9998855 -0.0003432278 0.01512742
vn 0.0003378173 -0.9999999 -0.0003602205
vn -0.01512754 0.0003550689 -0.9998855
vn 0.01512754 -0.0003550689 0.9998855
usemtl small-cube-material(Clone)_(Instance)_6
f 65/1/43 66/2/43 67/3/43
f 65/1/43 68/4/43 66/2/43
f 67/1/44 69/2/44 70/3/44
f 67/1/44 66/4/44 69/2/44
f 70/1/45 71/2/45 72/3/45
f 70/1/45 69/4/45 71/2/45
f 72/1/46 68/2/46 65/3/46
f 72/1/46 71/4/46 68/2/46
f 68/1/47 69/2/47 66/3/47
f 68/1/47 71/4/47 69/2/47
f 72/1/48 67/2/48 70/3/48
f 72/1/48 65/4/48 67/2/48
o GridSmallCube_0:7
v 0.09725932 0.001155959 -0.05117195
v 0.1972783 0.1011349 -0.05181606
v 0.1972551 0.001135253 -0.05208608
v 0.0972825 0.1011556 -0.05090194
v 0.1981924 0.1008647 0.0481794
v 0.1981692 0.0008650331 0.04790938
v 0.09819656 0.1008854 0.04909352
v 0.09817338 0.0008857398 0.0488235
vn -0.009140619 0.002702194 -0.9999546
vn 0.9999582 -0.0002070665 -0.009141211
vn 0.009140619 -0.002702194 0.9999546
vn -0.9999582 0.0002070665 0.009141211
vn 0.0002317429 0.9999964 0.002700188
vn -0.0002317429 -0.9999964 -0.002700188
usemtl small-cube-material(Clone)_(Instance)_7
f 73/1/49 74/2/49 75/3/49
f 73/1/49 76/4/49 74/2/49
f 75/1/50 77/2/50 78/3/50
f 75/1/50 74/4/50 77/2/50
f 78/1/51 79/2/51 80/3/51
f 78/1/51 77/4/51 79/2/51
f 80/1/52 76/2/52 73/3/52
f 80/1/52 79/4/52 76/2/52
f 76/1/53 77/2/53 74/3/53
f 76/1/53 79/4/53 77/2/53
f 80/1/54 75/2/54 78/3/54
f 80/1/54 73/4/54 75/2/54
o GridSmallCube_0:8
v 0.09968492 0.0002464362 -0.2511163
v 0.19933 0.100598 -0.250463
v 0.09933078 0.1002447 -0.2506533
v 0.1996841 0.0005997077 -0.250926
v 0.1995186 0.1010617 -0.3504618
v 0.09951941 0.1007084 -0.3506521
v 0.1998728 0.001063361 -0.3509248
v 0.09987356 0.0007100895 -0.3511151
vn -0.001886394 -0.004636531 0.9999875
vn -0.003541493 0.999983 0.00462983
vn 0.001886394 0.004636531 -0.9999875
vn 0.003541493 -0.999983 -0.00462983
vn 0.999992 0.003532714 0.001902782
vn -0.999992 -0.003532714 -0.001902782
usemtl small-cube-material(Clone)_(Instance)_8
f 81/1/55 82/2/55 83/3/55
f 81/1/55 84/4/55 82/2/55
f 83/1/56 85/2/56 86/3/56
f 83/1/56 82/4/56 85/2/56
f 86/1/57 87/2/57 88/3/57
f 86/1/57 85/4/57 87/2/57
f 88/1/58 84/2/58 81/3/58
f 88/1/58 87/4/58 84/2/58
f 84/1/59 85/2/59 82/3/59
f 84/1/59 87/4/59 85/2/59
f 88/1/60 83/2/60 86/3/60
f 88/1/60 81/4/60 83/2/60
o GridSmallCube_0:9
v 0.09918284 0.0008794271 -0.1518228
v 0.1990342 0.1010216 -0.1507066
v 0.09903952 0.1008793 -0.1517287
v 0.1991775 0.00102177 -0.1508007
v 0.2000561 0.1011172 -0.2507014
v 0.1000614 0.1009749 -0.2517234
v 0.2001995 0.001117358 -0.2507955
v 0.1002047 0.0009750152 -0.2518176
vn -0.01021902 -0.0009558799 0.9999473
vn -0.001433126 0.9999985 0.0009412833
vn 0.01021902 0.0009558799 -0.9999473
vn 0.001433126 -0.9999985 -0.0009412833
vn 0.9999467 0.001423431 0.01022038
vn -0.9999467 -0.001423431 -0.01022038
usemtl small-cube-material(Clone)_(Instance)_9
f 89/1/61 90/2/61 91/3/61
f 89/1/61 92/4/61 90/2/61
f 91/1/62 93/2/62 94/3/62
f 91/1/62 90/4/62 93/2/62
f 94/1/63 95/2/63 96/3/63
f 94/1/63 93/4/63 95/2/63
f 96/1/64 92/2/64 89/3/64
f 96/1/64 95/4/64 92/2/64
f 92/1/65 93/2/65 90/3/65
f 92/1/65 95/4/65 93/2/65
f 96/1/66 91/2/66 94/3/66
f 96/1/66 89/4/66 91/2/66
o GridSmallCube_0:10
v 0.2004103 0.0009284013 -0.05108825
v 0.200468 0.1009452 -0.1510714
v 0.2004665 0.1009284 -0.05107145
v 0.2004118 0.0009452016 -0.1510882
v 0.100468 0.1010014 -0.151073
v 0.1004665 0.1009846 -0.05107296
v 0.1004118 0.001001403 -0.1510898
v 0.1004103 0.0009846031 -0.05108976
vn 0.9999999 -0.0005620173 1.513958E-05
vn 0.0005620146 0.9999999 0.0001680117
vn -0.9999999 0.0005620173 -1.513958E-05
vn -0.0005620146 -0.9999999 -0.0001680117
vn 1.525879E-05 0.0001680031 -1
vn -1.525879E-05 -0.0001680031 1
usemtl small-cube-material(Clone)_(Instance)_10
f 97/1/67 98/2/67 99/3/67
f 97/1/67 100/4/67 98/2/67
f 99/1/68 101/2/68 102/3/68
f 99/1/68 98/4/68 101/2/68
f 102/1/69 103/2/69 104/3/69
f 102/1/69 101/4/69 103/2/69
f 104/1/70 100/2/70 97/3/70
f 104/1/70 103/4/70 100/2/70
f 100/1/71 101/2/71 98/3/71
f 100/1/71 103/4/71 101/2/71
f 104/1/72 99/2/72 102/3/72
f 104/1/72 97/4/72 99/2/72
o GridSmallCube_0:11
v 0.1535189 0.00104247 0.3519144
v 0.1535309 0.1009247 0.452032
v 0.1535482 0.1010424 0.3520321
v 0.1535015 0.0009247978 0.4519143
v 0.2535309 0.1008953 0.4520493
v 0.2535482 0.101013 0.3520494
v 0.2535015 0.0008954186 0.4519316
v 0.2535189 0.001013091 0.3519317
vn -0.9999999 0.0002937921 -0.0001729727
vn 0.0002935883 0.9999993 0.001176773
vn 0.9999999 -0.0002937921 0.0001729727
vn -0.0002935883 -0.9999993 -0.001176773
vn -0.0001733303 -0.001176722 0.9999993
vn 0.0001733303 0.001176722 -0.9999993
usemtl small-cube-material(Clone)_(Instance)_11
f 105/1/73 106/2/73 107/3/73
f 105/1/73 108/4/73 106/2/73
f 107/1/74 109/2/74 110/3/74
f 107/1/74 106/4/74 109/2/74
f 110/1/75 111/2/75 112/3/75
f 110/1/75 109/4/75 111/2/75
f 112/1/76 108/2/76 105/3/76
f 112/1/76 111/4/76 108/2/76
f 108/1/77 109/2/77 106/3/77
f 108/1/77 111/4/77 109/2/77
f 112/1/78 107/2/78 110/3/78
f 112/1/78 105/4/78 107/2/78
o GridSmallCube_0:12
v 0.1490789 0.0008068361 0.252316
v 0.2491188 0.1007659 0.2518837
v 0.2490789 0.0007667699 0.2522982
v 0.1491189 0.100806 0.2519014
v 0.2491368 0.1011805 0.3518828
v 0.2490968 0.001181314 0.3522974
v 0.1491368 0.1012205 0.3519006
v 0.1490968 0.00122138 0.3523151
vn -0.0001791017 -0.004145441 -0.9999914
vn 0.9999999 -0.0004006624 -0.0001774428
vn 0.0001791017 0.004145441 0.9999914
vn -0.9999999 0.0004006624 0.0001774428
vn 0.0003999471 0.9999914 -0.004145513
vn -0.0003999471 -0.9999914 0.004145513
usemtl small-cube-material(Clone)_(Instance)_12
f 113/1/79 114/2/79 115/3/79
f 113/1/79 116/4/79 114/2/79
f 115/1/80 117/2/80 118/3/80
f 115/1/80 114/4/80 117/2/80
f 118/1/81 119/2/81 120/3/81
f 118/1/81 117/4/81 119/2/81
f 120/1/82 116/2/82 113/3/82
f 120/1/82 119/4/82 116/2/82
f 116/1/83 117/2/83 114/3/83
f 116/1/83 119/4/83 117/2/83
f 120/1/84 115/2/84 118/3/84
f 120/1/84 113/4/84 115/2/84
o GridSmallCube_0:13
v 0.2017661 0.0008640602 0.04785718
v 0.2030368 0.1009542 0.1477589
v 0.203032 0.0009542003 0.1478491
v 0.201771 0.100864 0.04776696
v 0.1030448 0.1009602 0.1490247
v 0.10304 0.0009601846 0.149115
v 0.101779 0.10087 0.04903279
v 0.1017742 0.0008700445 0.049123
vn 0.9999199 -5.984306E-05 -0.0126583
vn 0.01265836 0.000901401 0.9999195
vn -0.9999199 5.984306E-05 0.0126583
vn -0.01265836 -0.000901401 -0.9999195
vn 4.851818E-05 0.9999996 -0.0009021461
vn -4.851818E-05 -0.9999996 0.0009021461
usemtl small-cube-material(Clone)_(Instance)_13
f 121/1/85 122/2/85 123/3/85
f 121/1/85 124/4/85 122/2/85
f 123/1/86 125/2/86 126/3/86
f 123/1/86 122/4/86 125/2/86
f 126/1/87 127/2/87 128/3/87
f 126/1/87 125/4/87 127/2/87
f 128/1/88 124/2/88 121/3/88
f 128/1/88 127/4/88 124/2/88
f 124/1/89 125/2/89 122/3/89
f 124/1/89 127/4/89 125/2/89
f 128/1/90 123/2/90 126/3/90
f 128/1/90 121/4/90 123/2/90
o GridSmallCube_0:14
v 0.2016411 0.0005387113 0.451999
v 0.2020798 0.1009701 0.5515648
v 0.2017684 0.0009715006 0.551998
v 0.2019526 0.1005373 0.4515658
v 0.1020804 0.1012821 0.5516907
v 0.101769 0.001283507 0.5521238
v 0.1019532 0.1008493 0.4516917
v 0.1016417 0.0008507177 0.4521249
vn 0.9999943 -0.003120065 -0.001259089
vn 0.001272619 0.004327893 0.9999898
vn -0.9999943 0.003120065 0.001259089
vn -0.001272619 -0.004327893 -0.9999898
vn 0.003114581 0.9999858 -0.004331887
vn -0.003114581 -0.9999858 0.004331887
usemtl small-cube-material(Clone)_(Instance)_14
f 129/1/91 130/2/91 131/3/91
f 129/1/91 132/4/91 130/2/91
f 131/1/92 133/2/92 134/3/92
f 131/1/92 130/4/92 133/2/92
f 134/1/93 135/2/93 136/3/93
f 134/1/93 133/4/93 135/2/93
f 136/1/94 132/2/94 129/3/94
f 136/1/94 135/4/94 132/2/94
f 132/1/95 133/2/95 130/3/95
f 132/1/95 135/4/95 133/2/95
f 136/1/96 131/2/96 134/3/96
f 136/1/96 129/4/96 131/2/96
o GridSmallCube_0:15
v 0.1013181 0.0008745598 0.8542152
v 0.2013026 0.0009290842 0.9542306
v 0.1013029 0.001181071 0.9542148
v 0.2013177 0.0006225733 0.8542311
v 0.2015547 0.1009283 0.9539241
v 0.101555 0.1011803 0.9539083
v 0.2015698 0.1006218 0.8539246
v 0.1015701 0.1008738 0.8539087
vn -0.00252034 -0.9999921 0.003064752
vn -0.0001510647 0.003065109 0.9999953
vn 0.00252034 0.9999921 -0.003064752
vn 0.0001510647 -0.003065109 -0.9999953
vn 0.9999968 -0.002519865 0.0001587885
vn -0.9999968 0.002519865 -0.0001587885
usemtl small-cube-material(Clone)_(Instance)_15
f 137/1/97 138/2/97 139/3/97
f 137/1/97 140/4/97 138/2/97
f 139/1/98 141/2/98 142/3/98
f 139/1/98 138/4/98 141/2/98
f 142/1/99 143/2/99 144/3/99
f 142/1/99 141/4/99 143/2/99
f 144/1/100 140/2/100 137/3/100
f 144/1/100 143/4/100 140/2/100
f 140/1/101 141/2/101 138/3/101
f 140/1/101 143/4/101 141/2/101
f 144/1/102 139/2/102 142/3/102
f 144/1/102 137/4/102 139/2/102
o GridSmallCube_0:16
v 0.1994913 0.001007659 0.5516916
v 0.09951001 0.1010074 0.5536383
v 0.1994926 0.1010076 0.5517728
v 0.0995087 0.001007451 0.5535571
v 0.1013755 0.1009262 0.6536209
v 0.2013581 0.1009264 0.6517554
v 0.1013742 0.0009261993 0.6535397
v 0.2013568 0.0009264067 0.6516742
vn -0.018655 0.0008125184 -0.9998257
vn 1.3083E-05 0.9999997 0.0008124157
vn 0.018655 -0.0008125184 0.9998257
vn -1.3083E-05 -0.9999997 -0.0008124157
vn -0.999826 -2.074894E-06 0.018655
vn 0.999826 2.074894E-06 -0.018655
usemtl small-cube-material(Clone)_(Instance)_16
f 145/1/103 146/2/103 147/3/103
f 145/1/103 148/4/103 146/2/103
f 147/1/104 149/2/104 150/3/104
f 147/1/104 146/4/104 149/2/104
f 150/1/105 151/2/105 152/3/105
f 150/1/105 149/4/105 151/2/105
f 152/1/106 148/2/106 145/3/106
f 152/1/106 151/4/106 148/2/106
f 148/1/107 149/2/107 146/3/107
f 148/1/107 151/4/107 149/2/107
f 152/1/108 147/2/108 150/3/108
f 152/1/108 145/4/108 147/2/108
o GridSmallCube_0:17
v 0.1995819 0.0009941595 0.7532237
v 0.09960421 0.1010156 0.7536271
v 0.1996034 0.1009942 0.7532238
v 0.09958275 0.001015628 0.753627
v 0.1000075 0.1010154 0.8536263
v 0.2000067 0.1009939 0.853223
v 0.09998603 0.001015404 0.8536262
v 0.1999852 0.0009939348 0.8532229
vn -0.004032858 2.246515E-06 -0.9999919
vn 0.0002146959 1 1.380688E-06
vn 0.004032858 -2.246515E-06 0.9999919
vn -0.0002146959 -1 -1.380688E-06
vn -0.9999919 0.0002146886 0.004032858
vn 0.9999919 -0.0002146886 -0.004032858
usemtl small-cube-material(Clone)_(Instance)_17
f 153/1/109 154/2/109 155/3/109
f 153/1/109 156/4/109 154/2/109
f 155/1/110 157/2/110 158/3/110
f 155/1/110 154/4/110 157/2/110
f 158/1/111 159/2/111 160/3/111
f 158/1/111 157/4/111 159/2/111
f 160/1/112 156/2/112 153/3/112
f 160/1/112 159/4/112 156/2/112
f 156/1/113 157/2/113 154/3/113
f 156/1/113 159/4/113 157/2/113
f 160/1/114 155/2/114 158/3/114
f 160/1/114 153/4/114 155/2/114
o GridSmallCube_0:18
v 0.1973448 0.001174142 0.1477067
v 0.09731308 0.1011328 0.1490961
v 0.197308 0.1011734 0.1480857
v 0.09734987 0.001133517 0.1487172
v 0.09832369 0.1007542 0.2490903
v 0.1983186 0.1007948 0.2480798
v 0.09836049 0.0007549403 0.2487113
v 0.1983554 0.0007955644 0.2477009
vn -0.01010614 0.003785772 -0.9999418
vn -0.0003679641 0.9999928 0.003789685
vn 0.01010614 -0.003785772 0.9999418
vn 0.0003679641 -0.9999928 -0.003789685
vn -0.9999489 -0.0004062417 0.01010468
vn 0.9999489 0.0004062417 -0.01010468
usemtl small-cube-material(Clone)_(Instance)_18
f 161/1/115 162/2/115 163/3/115
f 161/1/115 164/4/115 162/2/115
f 163/1/116 165/2/116 166/3/116
f 163/1/116 162/4/116 165/2/116
f 166/1/117 167/2/117 168/3/117
f 166/1/117 165/4/117 167/2/117
f 168/1/118 164/2/118 161/3/118
f 168/1/118 167/4/118 164/2/118
f 164/1/119 165/2/119 162/3/119
f 164/1/119 167/4/119 165/2/119
f 168/1/120 163/2/120 166/3/120
f 168/1/120 161/4/120 163/2/120
