mtllib export_20250327T185305.mtl

o Plane/BasicEnvironment/StartCube-1
v 0.09999988 0 1.1
v 0.09999991 0.2 0.9000001
v 0.09999988 0.2 1.1
v 0.09999991 0 0.9000001
v -0.1000001 0.2 0.9000001
v -0.1000002 0.2 1.1
v -0.1000001 0 0.9000001
v -0.1000002 0 1.1
vt 0 0
vt 1 1
vt 0 1
vt 1 0
vn 1 0 1.192093E-07
vn 0 1 0
vn -1 0 -1.192093E-07
vn 0 -1 0
vn 1.192093E-07 0 -1
vn -1.192093E-07 0 1
usemtl big-cube-material-dark
f 1/1/1 2/2/1 3/3/1
f 1/1/1 4/4/1 2/2/1
f 3/1/2 5/2/2 6/3/2
f 3/1/2 2/4/2 5/2/2
f 6/1/3 7/2/3 8/3/3
f 6/1/3 5/4/3 7/2/3
f 8/1/4 4/2/4 1/3/4
f 8/1/4 7/4/4 4/2/4
f 4/1/5 5/2/5 2/3/5
f 4/1/5 7/4/5 5/2/5
f 8/1/6 3/2/6 6/3/6
f 8/1/6 1/4/6 3/2/6
o Plane/BasicEnvironment/StartCube-2
v 0.1000001 0 -0.9000001
v 0.1000002 0.2 -1.1
v 0.1000001 0.2 -0.9000001
v 0.1000002 0 -1.1
v -0.09999988 0.2 -1.1
v -0.09999991 0.2 -0.9000001
v -0.09999988 0 -1.1
v -0.09999991 0 -0.9000001
usemtl big-cube-material-dark
f 9/1/1 10/2/1 11/3/1
f 9/1/1 12/4/1 10/2/1
f 11/1/2 13/2/2 14/3/2
f 11/1/2 10/4/2 13/2/2
f 14/1/3 15/2/3 16/3/3
f 14/1/3 13/4/3 15/2/3
f 16/1/4 12/2/4 9/3/4
f 16/1/4 15/4/4 12/2/4
f 12/1/5 13/2/5 10/3/5
f 12/1/5 15/4/5 13/2/5
f 16/1/6 11/2/6 14/3/6
f 16/1/6 9/4/6 11/2/6
o GridPlank_0
v -0.09934653 0.3001643 -0.00599373
v 0.1005166 0.1998962 -0.004983396
v 0.1006506 0.2998961 -0.004954631
v -0.09948048 0.2001644 -0.006022496
v 0.1031146 0.2000365 -0.5049766
v 0.1032485 0.3000365 -0.5049478
v -0.09688255 0.2003047 -0.5060157
v -0.09674861 0.3003046 -0.5059869
vt 1 0.5
vt 0 0.5
vt 2.5 0.5
vt 2.5 0
vt 2.5 1
vn -0.005195856 -0.0002807081 0.9999865
vn 0.9999856 -0.001340866 0.005195499
vn 0.005195856 0.0002807081 -0.9999865
vn -0.9999856 0.001340866 -0.005195499
vn 0.001339436 0.999999 0.000287652
vn -0.001339436 -0.999999 -0.000287652
usemtl plank-material(Clone)_(Instance)
f 17/1/7 18/5/7 19/4/7
f 17/1/7 20/6/7 18/5/7
f 19/1/8 21/7/8 22/8/8
f 19/1/8 18/6/8 21/7/8
f 22/4/9 23/6/9 24/1/9
f 22/4/9 21/5/9 23/6/9
f 24/8/10 20/6/10 17/1/10
f 24/8/10 23/7/10 20/6/10
f 19/3/11 24/8/11 17/1/11
f 19/3/11 22/9/11 24/8/11
f 21/9/12 20/1/12 23/8/12
f 21/9/12 18/3/12 20/1/12
o GridCube_0
v -0.1010183 0.0006724242 0.1497837
v 0.09879362 0.2008598 0.1502637
v -0.1012063 0.200672 0.150158
v 0.09898159 0.0008601982 0.1498893
v 0.0988989 0.2012341 -0.04973602
v -0.101101 0.2010464 -0.04984165
v 0.09908687 0.001234597 -0.05011032
v -0.1009131 0.001046823 -0.05021595
vn -0.0005263849 -0.001871992 0.9999982
vn -0.000939857 0.9999979 0.001871497
vn 0.0005263849 0.001871992 -0.9999982
vn 0.000939857 -0.9999979 -0.001871497
vn 0.9999994 0.0009388698 0.0005281431
vn -0.9999994 -0.0009388698 -0.0005281431
usemtl big-cube-material(Clone)_(Instance)
f 25/1/13 26/2/13 27/3/13
f 25/1/13 28/4/13 26/2/13
f 27/1/14 29/2/14 30/3/14
f 27/1/14 26/4/14 29/2/14
f 30/1/15 31/2/15 32/3/15
f 30/1/15 29/4/15 31/2/15
f 32/1/16 28/2/16 25/3/16
f 32/1/16 31/4/16 28/2/16
f 28/1/17 29/2/17 26/3/17
f 28/1/17 31/4/17 29/2/17
f 32/1/18 27/2/18 30/3/18
f 32/1/18 25/4/18 27/2/18
o GridPlank_0:1
v 0.1010548 0.3000459 -1.005873
v -0.09884521 0.1998468 -1.006196
v -0.09894449 0.2998466 -1.006347
v 0.1011541 0.2000461 -1.005722
v -0.1000313 0.2005989 -0.5061981
v -0.1001306 0.3005988 -0.5063488
v 0.09996799 0.2007982 -0.505724
v 0.09986871 0.3007981 -0.5058746
vn 0.002372265 -0.001504272 -0.9999961
vn -0.9999967 -0.0009964706 -0.002370775
vn -0.002372265 0.001504272 0.9999961
vn 0.9999967 0.0009964706 0.002370775
vn -0.0009928644 0.9999984 -0.001506686
vn 0.0009928644 -0.9999984 0.001506686
usemtl plank-material(Clone)_(Instance)_1
f 33/1/19 34/5/19 35/4/19
f 33/1/19 36/6/19 34/5/19
f 35/1/20 37/7/20 38/8/20
f 35/1/20 34/6/20 37/7/20
f 38/4/21 39/6/21 40/1/21
f 38/4/21 37/5/21 39/6/21
f 40/8/22 36/6/22 33/1/22
f 40/8/22 39/7/22 36/6/22
f 35/3/23 40/8/23 33/1/23
f 35/3/23 38/9/23 40/8/23
f 37/9/24 36/1/24 39/8/24
f 37/9/24 34/3/24 36/1/24
o GridCube_0:1
v -0.1012998 0.00117516 0.6418694
v 0.09897149 0.2008228 0.6475469
v -0.100948 0.2011749 0.6418817
v 0.09861965 0.0008231172 0.6475345
v 0.1046367 0.2008252 0.4476271
v -0.09528276 0.2011772 0.4419619
v 0.1042849 0.00082547 0.4476148
v -0.09563459 0.001177513 0.4419496
vn -0.02832608 -1.176402E-05 0.9995987
vn 0.001759174 0.9999985 6.161923E-05
vn 0.02832608 1.176402E-05 -0.9995987
vn -0.001759174 -0.9999985 -6.161923E-05
vn 0.9995973 -0.001760213 0.02832602
vn -0.9995973 0.001760213 -0.02832602
usemtl big-cube-material(Clone)_(Instance)_1
f 41/1/25 42/2/25 43/3/25
f 41/1/25 44/4/25 42/2/25
f 43/1/26 45/2/26 46/3/26
f 43/1/26 42/4/26 45/2/26
f 46/1/27 47/2/27 48/3/27
f 46/1/27 45/4/27 47/2/27
f 48/1/28 44/2/28 41/3/28
f 48/1/28 47/4/28 44/2/28
f 44/1/29 45/2/29 42/3/29
f 44/1/29 47/4/29 45/2/29
f 48/1/30 43/2/30 46/3/30
f 48/1/30 41/4/30 43/2/30
o GridCube_0:2
v 0.09760257 0.0003551659 -0.5998472
v -0.1020945 0.2006576 -0.5998079
v 0.09790353 0.2003534 -0.6006379
v -0.1023955 0.0006594105 -0.5990173
v -0.1012634 0.201447 -0.3998112
v 0.09873468 0.2011427 -0.4006411
v -0.1015643 0.001448769 -0.3990206
v 0.09843371 0.001144524 -0.3998505
vn -0.004155736 -0.003946791 -0.9999836
vn 0.00150482 0.9999911 -0.003953075
vn 0.004155736 0.003946791 0.9999836
vn -0.00150482 -0.9999911 0.003953075
vn -0.9999902 0.001521223 0.00414976
vn 0.9999902 -0.001521223 -0.00414976
usemtl big-cube-material(Clone)_(Instance)_2
f 49/1/31 50/2/31 51/3/31
f 49/1/31 52/4/31 50/2/31
f 51/1/32 53/2/32 54/3/32
f 51/1/32 50/4/32 53/2/32
f 54/1/33 55/2/33 56/3/33
f 54/1/33 53/4/33 55/2/33
f 56/1/34 52/2/34 49/3/34
f 56/1/34 55/4/34 52/2/34
f 52/1/35 53/2/35 50/3/35
f 52/1/35 55/4/35 53/2/35
f 56/1/36 51/2/36 54/3/36
f 56/1/36 49/4/36 51/2/36
o GridPlank_0:2
v 0.09919232 0.2000947 0.5003512
v -0.1009196 0.2998698 0.4999695
v -0.1008073 0.1998699 0.5000453
v 0.09908003 0.3000947 0.5002753
v -0.1001545 0.2994914 -2.986044E-05
v -0.1000422 0.1994915 4.600436E-05
v 0.09984517 0.2997162 0.0002760246
v 0.09995747 0.1997163 0.0003518894
vn -0.00153029 0.0007568895 0.9999985
vn -0.9999982 -0.001124144 -0.001529425
vn 0.00153029 -0.0007568895 -0.9999985
vn 0.9999982 0.001124144 0.001529425
vn 0.001122952 -0.9999991 0.000758648
vn -0.001122952 0.9999991 -0.000758648
usemtl plank-material(Clone)_(Instance)_2
f 57/1/37 58/5/37 59/4/37
f 57/1/37 60/6/37 58/5/37
f 59/1/38 61/7/38 62/8/38
f 59/1/38 58/6/38 61/7/38
f 62/4/39 63/6/39 64/1/39
f 62/4/39 61/5/39 63/6/39
f 64/8/40 60/6/40 57/1/40
f 64/8/40 63/7/40 60/6/40
f 59/3/41 64/8/41 57/1/41
f 59/3/41 62/9/41 64/8/41
f 61/9/42 60/1/42 63/8/42
f 61/9/42 58/3/42 60/1/42
o GridPlank_0:3
v -0.100029 0.2999065 1.000064
v 0.09999736 0.1999591 1.000006
v 0.09997106 0.2999591 1.000063
v -0.1000027 0.1999065 1.000008
v 0.09999429 0.2002424 0.5000063
v 0.09996799 0.3002424 0.500063
v -0.1000057 0.2001898 0.5000076
v -0.100032 0.3001898 0.5000642
vn 6.139278E-06 -0.000566691 0.9999999
vn 1 0.0002628565 -6.109475E-06
vn -6.139278E-06 0.000566691 -0.9999999
vn -1 -0.0002628565 6.109475E-06
vn -0.0002629756 0.9999998 0.0005664824
vn 0.0002629756 -0.9999998 -0.0005664824
usemtl plank-material(Clone)_(Instance)_3
f 65/1/43 66/5/43 67/4/43
f 65/1/43 68/6/43 66/5/43
f 67/1/44 69/7/44 70/8/44
f 67/1/44 66/6/44 69/7/44
f 70/4/45 71/6/45 72/1/45
f 70/4/45 69/5/45 71/6/45
f 72/8/46 68/6/46 65/1/46
f 72/8/46 71/7/46 68/6/46
f 67/3/47 72/8/47 65/1/47
f 67/3/47 70/9/47 72/8/47
f 69/9/48 68/1/48 71/8/48
f 69/9/48 66/3/48 68/1/48
