mtllib export_20250324T140319.mtl

o Plane/BasicEnvironment/StartCube-1
v 0.09999988 0 1.1
v 0.09999991 0.2 0.9000001
v 0.09999988 0.2 1.1
v 0.09999991 0 0.9000001
v -0.1000001 0.2 0.9000001
v -0.1000002 0.2 1.1
v -0.1000001 0 0.9000001
v -0.1000002 0 1.1
vt 0 0
vt 1 1
vt 0 1
vt 1 0
vn 1 0 1.192093E-07
vn 0 1 0
vn -1 0 -1.192093E-07
vn 0 -1 0
vn 1.192093E-07 0 -1
vn -1.192093E-07 0 1
usemtl big-cube-material-dark
f 1/1/1 2/2/1 3/3/1
f 1/1/1 4/4/1 2/2/1
f 3/1/2 5/2/2 6/3/2
f 3/1/2 2/4/2 5/2/2
f 6/1/3 7/2/3 8/3/3
f 6/1/3 5/4/3 7/2/3
f 8/1/4 4/2/4 1/3/4
f 8/1/4 7/4/4 4/2/4
f 4/1/5 5/2/5 2/3/5
f 4/1/5 7/4/5 5/2/5
f 8/1/6 3/2/6 6/3/6
f 8/1/6 1/4/6 3/2/6
o Plane/BasicEnvironment/StartCube-2
v 0.1000001 0 -0.9000001
v 0.1000002 0.2 -1.1
v 0.1000001 0.2 -0.9000001
v 0.1000002 0 -1.1
v -0.09999988 0.2 -1.1
v -0.09999991 0.2 -0.9000001
v -0.09999988 0 -1.1
v -0.09999991 0 -0.9000001
usemtl big-cube-material-dark
f 9/1/1 10/2/1 11/3/1
f 9/1/1 12/4/1 10/2/1
f 11/1/2 13/2/2 14/3/2
f 11/1/2 10/4/2 13/2/2
f 14/1/3 15/2/3 16/3/3
f 14/1/3 13/4/3 15/2/3
f 16/1/4 12/2/4 9/3/4
f 16/1/4 15/4/4 12/2/4
f 12/1/5 13/2/5 10/3/5
f 12/1/5 15/4/5 13/2/5
f 16/1/6 11/2/6 14/3/6
f 16/1/6 9/4/6 11/2/6
o GridSmallCube_0
v -0.1124205 0.2018972 -0.8507092
v -0.1088198 0.1002711 -0.9489903
v -0.1087345 0.2002577 -0.9506278
v -0.1125059 0.1019106 -0.8490717
v -0.2087518 0.100296 -0.9526772
v -0.2086665 0.2002826 -0.9543147
v -0.2124379 0.1019356 -0.8527586
v -0.2123525 0.2019221 -0.8543962
vn 0.9993201 -0.0002493262 0.03686953
vn 0.03686038 -0.01639509 -0.999186
vn -0.9993201 0.0002493262 -0.03686953
vn -0.03686038 0.01639509 0.999186
vn -0.0008535385 -0.9998656 0.01637465
vn 0.0008535385 0.9998656 -0.01637465
usemtl small-cube-material(Clone)_(Instance)
f 17/1/7 18/2/7 19/3/7
f 17/1/7 20/4/7 18/2/7
f 19/1/8 21/2/8 22/3/8
f 19/1/8 18/4/8 21/2/8
f 22/1/9 23/2/9 24/3/9
f 22/1/9 21/4/9 23/2/9
f 24/1/10 20/2/10 17/3/10
f 24/1/10 23/4/10 20/2/10
f 20/1/11 21/2/11 18/3/11
f 20/1/11 23/4/11 21/2/11
f 24/1/12 19/2/12 22/3/12
f 24/1/12 17/4/12 19/2/12
o GridSmallCube_0:1
v -0.3065403 0.2011322 0.801349
v -0.2123071 0.2008696 0.9068004
v -0.3121496 0.2009158 0.9011913
v -0.2066978 0.201086 0.8069581
v -0.2122731 0.3008694 0.9070191
v -0.3121156 0.3009156 0.9014099
v -0.2066638 0.3010858 0.8071768
v -0.3065064 0.301132 0.8015676
vn -0.0003397968 -0.9999976 -0.002186477
vn -0.05609266 -0.002164006 0.9984232
vn 0.0003397968 0.9999976 0.002186477
vn 0.05609266 0.002164006 -0.9984232
vn 0.9984255 -0.0004619044 0.0560918
vn -0.9984255 0.0004619044 -0.0560918
usemtl small-cube-material(Clone)_(Instance)_1
f 25/1/13 26/2/13 27/3/13
f 25/1/13 28/4/13 26/2/13
f 27/1/14 29/2/14 30/3/14
f 27/1/14 26/4/14 29/2/14
f 30/1/15 31/2/15 32/3/15
f 30/1/15 29/4/15 31/2/15
f 32/1/16 28/2/16 25/3/16
f 32/1/16 31/4/16 28/2/16
f 28/1/17 29/2/17 26/3/17
f 28/1/17 31/4/17 29/2/17
f 32/1/18 27/2/18 30/3/18
f 32/1/18 25/4/18 27/2/18
o GridCube_0
v -0.3473982 0.001000119 -0.1469371
v -0.147398 0.2009999 -0.146993
v -0.347398 0.2010001 -0.1469372
v -0.1473982 0.0009999383 -0.1469929
v -0.1474538 0.2009999 -0.3469929
v -0.3474538 0.2010001 -0.3469371
v -0.147454 0.0009998996 -0.3469929
v -0.347454 0.001000081 -0.3469371
vn 0.0002789526 1.937751E-07 0.9999999
vn 9.048526E-07 1 -1.940275E-07
vn -0.0002789526 -1.937751E-07 -0.9999999
vn -9.048526E-07 -1 1.940275E-07
vn 0.9999999 -9.049066E-07 -0.0002789526
vn -0.9999999 9.049066E-07 0.0002789526
usemtl big-cube-material(Clone)_(Instance)
f 33/1/19 34/2/19 35/3/19
f 33/1/19 36/4/19 34/2/19
f 35/1/20 37/2/20 38/3/20
f 35/1/20 34/4/20 37/2/20
f 38/1/21 39/2/21 40/3/21
f 38/1/21 37/4/21 39/2/21
f 40/1/22 36/2/22 33/3/22
f 40/1/22 39/4/22 36/2/22
f 36/1/23 37/2/23 34/3/23
f 36/1/23 39/4/23 37/2/23
f 40/1/24 35/2/24 38/3/24
f 40/1/24 33/4/24 35/2/24
o GridPlank_0
v -0.2998035 0.0007240862 0.8547828
v -0.200021 0.2008325 0.8545558
v -0.3000209 0.2007239 0.8546834
v -0.1998037 0.0008326992 0.8546552
v -0.2006585 0.2005834 0.3545562
v -0.3006584 0.2004748 0.3546838
v -0.2004412 0.000583595 0.3546556
v -0.300441 0.000474982 0.3547831
vt 1 0.5
vt 0 0.5
vt 2.5 0.5
vt 2.5 0
vt 2.5 1
vn 0.001275003 0.0004982085 0.999999
vn -0.001086764 0.9999993 -0.0004968229
vn -0.001275003 -0.0004982085 -0.999999
vn 0.001086764 -0.9999993 0.0004968229
vn -0.9999986 -0.00108613 0.001275599
vn 0.9999986 0.00108613 -0.001275599
usemtl plank-material(Clone)_(Instance)
f 41/1/25 42/5/25 43/4/25
f 41/1/25 44/6/25 42/5/25
f 43/1/26 45/7/26 46/8/26
f 43/1/26 42/6/26 45/7/26
f 46/4/27 47/6/27 48/1/27
f 46/4/27 45/5/27 47/6/27
f 48/8/28 44/6/28 41/1/28
f 48/8/28 47/7/28 44/6/28
f 43/3/29 48/8/29 41/1/29
f 43/3/29 46/9/29 48/8/29
f 45/9/30 44/1/30 47/8/30
f 45/9/30 42/3/30 44/1/30
o GridPlank_0:1
v -0.1435713 0.2010545 -0.3509816
v -0.2433587 0.00094906 -0.3515409
v -0.1433604 0.001054538 -0.3509711
v -0.2435696 0.200949 -0.3515514
v -0.2405097 0.0009257814 -0.8515328
v -0.1405113 0.00103126 -0.850963
v -0.2407206 0.2009257 -0.8515433
v -0.1407222 0.2010312 -0.8509735
vn -0.005698085 4.655716E-05 0.9999838
vn 0.0010545 -0.9999995 5.256658E-05
vn 0.005698085 -4.655716E-05 -0.9999838
vn -0.0010545 0.9999995 -5.256658E-05
vn 0.9999833 0.001054783 0.005697966
vn -0.9999833 -0.001054783 -0.005697966
usemtl plank-material(Clone)_(Instance)_1
f 49/1/31 50/5/31 51/4/31
f 49/1/31 52/6/31 50/5/31
f 51/1/32 53/7/32 54/8/32
f 51/1/32 50/6/32 53/7/32
f 54/4/33 55/6/33 56/1/33
f 54/4/33 53/5/33 55/6/33
f 56/8/34 52/6/34 49/1/34
f 56/8/34 55/7/34 52/6/34
f 51/3/35 56/8/35 49/1/35
f 51/3/35 54/9/35 56/8/35
f 53/9/36 52/1/36 55/8/36
f 53/9/36 50/3/36 52/1/36
o GridPlank_0:2
v -0.20006 0.2014286 0.3552609
v -0.3001427 0.001470431 0.3557107
v -0.2001428 0.001428872 0.3556272
v -0.3000599 0.2014701 0.3553444
v -0.3005607 0.0005549201 -0.1442883
v -0.2005607 0.000513361 -0.1443719
v -0.3004779 0.2005546 -0.1446546
v -0.2004779 0.200513 -0.1447382
vn 0.0008358955 0.001831021 0.999998
vn -0.0004140607 -0.9999982 0.001831367
vn -0.0008358955 -0.001831021 -0.999998
vn 0.0004140607 0.9999982 -0.001831367
vn 0.9999996 -0.0004155909 -0.0008352994
vn -0.9999996 0.0004155909 0.0008352994
usemtl plank-material(Clone)_(Instance)_2
f 57/1/37 58/5/37 59/4/37
f 57/1/37 60/6/37 58/5/37
f 59/1/38 61/7/38 62/8/38
f 59/1/38 58/6/38 61/7/38
f 62/4/39 63/6/39 64/1/39
f 62/4/39 61/5/39 63/6/39
f 64/8/40 60/6/40 57/1/40
f 64/8/40 63/7/40 60/6/40
f 59/3/41 64/8/41 57/1/41
f 59/3/41 62/9/41 64/8/41
f 61/9/42 60/1/42 63/8/42
f 61/9/42 58/3/42 60/1/42
o GridSmallCube_0:2
v -0.1036761 0.0006562077 -0.9569277
v -0.2036542 0.1006283 -0.9600846
v -0.1036838 0.1006536 -0.9576491
v -0.2036464 0.00063092 -0.9593632
v -0.2060897 0.1013493 -0.8601168
v -0.1061194 0.1013746 -0.8576813
v -0.206082 0.00135194 -0.8593954
v -0.1061117 0.001377228 -0.8569599
vn 0.02435582 -0.007210198 -0.9996773
vn -7.719382E-05 0.999974 -0.00721422
vn -0.02435582 0.007210198 0.9996773
vn 7.719382E-05 -0.999974 0.00721422
vn -0.9997033 -0.0002528772 -0.02435463
vn 0.9997033 0.0002528772 0.02435463
usemtl small-cube-material(Clone)_(Instance)_2
f 65/1/43 66/2/43 67/3/43
f 65/1/43 68/4/43 66/2/43
f 67/1/44 69/2/44 70/3/44
f 67/1/44 66/4/44 69/2/44
f 70/1/45 71/2/45 72/3/45
f 70/1/45 69/4/45 71/2/45
f 72/1/46 68/2/46 65/3/46
f 72/1/46 71/4/46 68/2/46
f 68/1/47 69/2/47 66/3/47
f 68/1/47 71/4/47 69/2/47
f 72/1/48 67/2/48 70/3/48
f 72/1/48 65/4/48 67/2/48
o GridTShape_0
v -0.4073507 0.2008978 0.951785
v -0.4045554 0.10189 0.8508412
v -0.407575 0.100903 0.9507908
v -0.4043311 0.2018848 0.8518354
v -0.3046012 0.1016358 0.8538585
v -0.3076208 0.1006488 0.953808
v -0.304377 0.2016306 0.8548527
v -0.3073966 0.2006436 0.9548022
v -0.2046471 0.1013817 0.8568757
v -0.2076667 0.1003947 0.9568253
v -0.2044228 0.2013765 0.8578699
v -0.2074424 0.2003895 0.9578195
v -0.1046929 0.1011275 0.859893
v -0.1077125 0.1001405 0.9598425
v -0.1044687 0.2011223 0.8608872
v -0.1074883 0.2001353 0.9608367
v -0.3048255 0.001641008 0.8528643
v -0.3078451 0.0006540325 0.9528138
v -0.2048713 0.001386855 0.8558815
v -0.2078909 0.0003998794 0.9558311
vt 0.5 0.5
vt 0.5 0
vn -0.9995415 0.002541531 -0.0301724
vn -0.002242454 -0.9999481 -0.009941977
vn 0.9995415 -0.002541531 0.0301724
vn 0.002242454 0.9999481 0.009941977
vn -0.0301961 -0.009869757 0.9994953
vn 0.0301961 0.009869757 -0.9994953
usemtl plank-material(Clone)_(Instance)_3
f 73/1/49 74/10/49 75/11/49
f 73/1/49 76/6/49 74/10/49
f 75/1/50 77/10/50 78/11/50
f 75/1/50 74/6/50 77/10/50
f 78/11/51 79/6/51 80/1/51
f 78/11/51 77/10/51 79/6/51
f 80/11/52 76/6/52 73/1/52
f 80/11/52 79/10/52 76/6/52
f 75/6/53 80/11/53 73/1/53
f 75/6/53 78/10/53 80/11/53
f 77/10/54 76/1/54 79/11/54
f 77/10/54 74/6/54 76/1/54
f 78/1/50 81/10/50 82/11/50
f 78/1/50 77/6/50 81/10/50
f 82/11/51 83/6/51 84/1/51
f 82/11/51 81/10/51 83/6/51
f 84/11/52 79/6/52 80/1/52
f 84/11/52 83/10/52 79/6/52
f 78/6/53 84/11/53 80/1/53
f 78/6/53 82/10/53 84/11/53
f 81/10/54 79/1/54 83/11/54
f 81/10/54 77/6/54 79/1/54
f 82/1/50 85/10/50 86/11/50
f 82/1/50 81/6/50 85/10/50
f 86/11/51 87/6/51 88/1/51
f 86/11/51 85/10/51 87/6/51
f 88/11/52 83/6/52 84/1/52
f 88/11/52 87/10/52 83/6/52
f 82/6/53 88/11/53 84/1/53
f 82/6/53 86/10/53 88/11/53
f 85/10/54 83/1/54 87/11/54
f 85/10/54 81/6/54 83/1/54
f 78/1/49 89/10/49 90/11/49
f 78/1/49 77/6/49 89/10/49
f 90/1/50 91/10/50 92/11/50
f 90/1/50 89/6/50 91/10/50
f 92/11/51 81/6/51 82/1/51
f 92/11/51 91/10/51 81/6/51
f 90/6/53 82/11/53 78/1/53
f 90/6/53 92/10/53 82/11/53
f 91/10/54 77/1/54 81/11/54
f 91/10/54 89/6/54 77/1/54
