mtllib export_20250325T143339.mtl

o Plane/BasicEnvironment/StartCube-1
v 0.09999988 0 1.1
v 0.09999991 0.2 0.9000001
v 0.09999988 0.2 1.1
v 0.09999991 0 0.9000001
v -0.1000001 0.2 0.9000001
v -0.1000002 0.2 1.1
v -0.1000001 0 0.9000001
v -0.1000002 0 1.1
vt 0 0
vt 1 1
vt 0 1
vt 1 0
vn 1 0 1.192093E-07
vn 0 1 0
vn -1 0 -1.192093E-07
vn 0 -1 0
vn 1.192093E-07 0 -1
vn -1.192093E-07 0 1
usemtl big-cube-material-dark
f 1/1/1 2/2/1 3/3/1
f 1/1/1 4/4/1 2/2/1
f 3/1/2 5/2/2 6/3/2
f 3/1/2 2/4/2 5/2/2
f 6/1/3 7/2/3 8/3/3
f 6/1/3 5/4/3 7/2/3
f 8/1/4 4/2/4 1/3/4
f 8/1/4 7/4/4 4/2/4
f 4/1/5 5/2/5 2/3/5
f 4/1/5 7/4/5 5/2/5
f 8/1/6 3/2/6 6/3/6
f 8/1/6 1/4/6 3/2/6
o Plane/BasicEnvironment/StartCube-2
v 0.1000001 0 -0.9000001
v 0.1000002 0.2 -1.1
v 0.1000001 0.2 -0.9000001
v 0.1000002 0 -1.1
v -0.09999988 0.2 -1.1
v -0.09999991 0.2 -0.9000001
v -0.09999988 0 -1.1
v -0.09999991 0 -0.9000001
usemtl big-cube-material-dark
f 9/1/1 10/2/1 11/3/1
f 9/1/1 12/4/1 10/2/1
f 11/1/2 13/2/2 14/3/2
f 11/1/2 10/4/2 13/2/2
f 14/1/3 15/2/3 16/3/3
f 14/1/3 13/4/3 15/2/3
f 16/1/4 12/2/4 9/3/4
f 16/1/4 15/4/4 12/2/4
f 12/1/5 13/2/5 10/3/5
f 12/1/5 15/4/5 13/2/5
f 16/1/6 11/2/6 14/3/6
f 16/1/6 9/4/6 11/2/6
o GridTShape_0
v 0.04882089 0.2013883 -0.3506427
v -0.05069359 0.1009052 -0.3504959
v 0.04930521 0.1013895 -0.3505901
v -0.0511779 0.2009041 -0.3505485
v -0.05078749 0.1008522 -0.4504959
v 0.0492113 0.1013365 -0.45059
v -0.05127181 0.2008511 -0.4505484
v 0.04872699 0.2013353 -0.4506426
v -0.0508814 0.1007992 -0.5504958
v 0.04911739 0.1012835 -0.55059
v -0.05136571 0.200798 -0.5505484
v 0.04863308 0.2012823 -0.5506425
v -0.05097531 0.1007462 -0.6504958
v 0.04902349 0.1012305 -0.6505899
v -0.05145962 0.200745 -0.6505483
v 0.04853917 0.2012293 -0.6506425
v -0.05030318 0.0008533573 -0.4504433
v 0.04969561 0.001337621 -0.4505375
v -0.05039709 0.0008003543 -0.5504433
v 0.04960171 0.001284618 -0.5505375
vt 0.5 0.5
vt 0.5 0
vt 0 0.5
vn 0.000939071 0.0005300294 0.9999994
vn 0.004843127 -0.9999881 0.0005254746
vn -0.000939071 -0.0005300294 -0.9999994
vn -0.004843127 0.9999881 -0.0005254746
vn 0.9999878 0.004842632 -0.0009418725
vn -0.9999878 -0.004842632 0.0009418725
usemtl plank-material(Clone)_(Instance)
f 17/1/7 18/5/7 19/6/7
f 17/1/7 20/7/7 18/5/7
f 19/1/8 21/5/8 22/6/8
f 19/1/8 18/7/8 21/5/8
f 22/6/9 23/7/9 24/1/9
f 22/6/9 21/5/9 23/7/9
f 24/6/10 20/7/10 17/1/10
f 24/6/10 23/5/10 20/7/10
f 19/7/11 24/6/11 17/1/11
f 19/7/11 22/5/11 24/6/11
f 21/5/12 20/1/12 23/6/12
f 21/5/12 18/7/12 20/1/12
f 22/1/8 25/5/8 26/6/8
f 22/1/8 21/7/8 25/5/8
f 26/6/9 27/7/9 28/1/9
f 26/6/9 25/5/9 27/7/9
f 28/6/10 23/7/10 24/1/10
f 28/6/10 27/5/10 23/7/10
f 22/7/11 28/6/11 24/1/11
f 22/7/11 26/5/11 28/6/11
f 25/5/12 23/1/12 27/6/12
f 25/5/12 21/7/12 23/1/12
f 26/1/8 29/5/8 30/6/8
f 26/1/8 25/7/8 29/5/8
f 30/6/9 31/7/9 32/1/9
f 30/6/9 29/5/9 31/7/9
f 32/6/10 27/7/10 28/1/10
f 32/6/10 31/5/10 27/7/10
f 26/7/11 32/6/11 28/1/11
f 26/7/11 30/5/11 32/6/11
f 29/5/12 27/1/12 31/6/12
f 29/5/12 25/7/12 27/1/12
f 22/1/7 33/5/7 34/6/7
f 22/1/7 21/7/7 33/5/7
f 34/1/8 35/5/8 36/6/8
f 34/1/8 33/7/8 35/5/8
f 36/6/9 25/7/9 26/1/9
f 36/6/9 35/5/9 25/7/9
f 34/7/11 26/6/11 22/1/11
f 34/7/11 36/5/11 26/6/11
f 35/5/12 21/1/12 25/6/12
f 35/5/12 33/7/12 21/1/12
o GridTShape_0:1
v 0.04993747 0.2005682 0.7516703
v -0.04992457 0.1004305 0.7515591
v 0.05007482 0.1005692 0.7512399
v -0.05006193 0.2004294 0.7519894
v -0.05024432 0.1008604 0.6515605
v 0.04975507 0.1009991 0.6512414
v -0.05038168 0.2008594 0.6519909
v 0.04961772 0.2009981 0.6516717
v -0.05056407 0.1012903 0.551562
v 0.04943532 0.101429 0.5512428
v -0.05070143 0.2012893 0.5519923
v 0.04929797 0.201428 0.5516732
v -0.05088382 0.1017203 0.4515634
v 0.04911558 0.101859 0.4512442
v -0.05102118 0.2017192 0.4519938
v 0.04897822 0.201858 0.4516746
v -0.05010697 0.0008614184 0.6511301
v 0.04989243 0.001000147 0.650811
v -0.05042672 0.001291347 0.5511315
v 0.04957268 0.001430075 0.5508124
vn 0.003197491 -0.004299286 0.9999856
vn 0.001373543 -0.9999898 -0.004303696
vn -0.003197491 0.004299286 -0.9999856
vn -0.001373543 0.9999898 0.004303696
vn 0.999994 0.001387284 -0.00319159
vn -0.999994 -0.001387284 0.00319159
usemtl plank-material(Clone)_(Instance)_1
f 37/1/13 38/5/13 39/6/13
f 37/1/13 40/7/13 38/5/13
f 39/1/14 41/5/14 42/6/14
f 39/1/14 38/7/14 41/5/14
f 42/6/15 43/7/15 44/1/15
f 42/6/15 41/5/15 43/7/15
f 44/6/16 40/7/16 37/1/16
f 44/6/16 43/5/16 40/7/16
f 39/7/17 44/6/17 37/1/17
f 39/7/17 42/5/17 44/6/17
f 41/5/18 40/1/18 43/6/18
f 41/5/18 38/7/18 40/1/18
f 42/1/14 45/5/14 46/6/14
f 42/1/14 41/7/14 45/5/14
f 46/6/15 47/7/15 48/1/15
f 46/6/15 45/5/15 47/7/15
f 48/6/16 43/7/16 44/1/16
f 48/6/16 47/5/16 43/7/16
f 42/7/17 48/6/17 44/1/17
f 42/7/17 46/5/17 48/6/17
f 45/5/18 43/1/18 47/6/18
f 45/5/18 41/7/18 43/1/18
f 46/1/14 49/5/14 50/6/14
f 46/1/14 45/7/14 49/5/14
f 50/6/15 51/7/15 52/1/15
f 50/6/15 49/5/15 51/7/15
f 52/6/16 47/7/16 48/1/16
f 52/6/16 51/5/16 47/7/16
f 46/7/17 52/6/17 48/1/17
f 46/7/17 50/5/17 52/6/17
f 49/5/18 47/1/18 51/6/18
f 49/5/18 45/7/18 47/1/18
f 42/1/13 53/5/13 54/6/13
f 42/1/13 41/7/13 53/5/13
f 54/1/14 55/5/14 56/6/14
f 54/1/14 53/7/14 55/5/14
f 56/6/15 45/7/15 46/1/15
f 56/6/15 55/5/15 45/7/15
f 54/7/17 46/6/17 42/1/17
f 54/7/17 56/5/17 46/6/17
f 55/5/18 41/1/18 45/6/18
f 55/5/18 53/7/18 41/1/18
o GridPlank_0
v -0.1106379 0.2000126 -1.001733
v 0.08944336 0.2998455 -1.002663
v 0.0893608 0.1998459 -1.002429
v -0.1105554 0.3000123 -1.001967
v 0.0911831 0.3010142 -0.5026673
v 0.09110054 0.2010145 -0.5024333
v -0.1088156 0.3011809 -0.5019718
v -0.1088982 0.2011812 -0.5017378
vt 1 0.5
vt 2.5 0.5
vt 2.5 0
vt 2.5 1
vn -0.003479481 -0.002337277 -0.9999912
vn 0.9999936 -0.0008337498 -0.003477603
vn 0.003479481 0.002337277 0.9999912
vn -0.9999936 0.0008337498 0.003477603
vn -0.0008255542 -0.999997 0.002340198
vn 0.0008255542 0.999997 -0.002340198
usemtl plank-material(Clone)_(Instance)_2
f 57/1/19 58/8/19 59/4/19
f 57/1/19 60/7/19 58/8/19
f 59/1/20 61/9/20 62/10/20
f 59/1/20 58/7/20 61/9/20
f 62/4/21 63/7/21 64/1/21
f 62/4/21 61/8/21 63/7/21
f 64/10/22 60/7/22 57/1/22
f 64/10/22 63/9/22 60/7/22
f 59/3/23 64/10/23 57/1/23
f 59/3/23 62/11/23 64/10/23
f 61/11/24 60/1/24 63/10/24
f 61/11/24 58/3/24 60/1/24
o GridCube_0
v 0.1000393 0.0009833403 -0.1028237
v -0.1001239 0.2008198 -0.1031429
v 0.09987597 0.2009833 -0.1029299
v -0.09996053 0.0008198992 -0.1030367
v -0.1003369 0.2009259 0.09685696
v 0.09966291 0.2010893 0.09706993
v -0.1001736 0.0009259455 0.09696318
v 0.09982623 0.001089387 0.09717616
vn 0.00106532 -0.0005302313 -0.9999993
vn -0.0008166404 0.9999996 -0.0005311014
vn -0.00106532 0.0005302313 0.9999993
vn 0.0008166404 -0.9999996 0.0005311014
vn -0.9999991 -0.0008172056 -0.001064886
vn 0.9999991 0.0008172056 0.001064886
usemtl big-cube-material(Clone)_(Instance)
f 65/1/25 66/2/25 67/3/25
f 65/1/25 68/4/25 66/2/25
f 67/1/26 69/2/26 70/3/26
f 67/1/26 66/4/26 69/2/26
f 70/1/27 71/2/27 72/3/27
f 70/1/27 69/4/27 71/2/27
f 72/1/28 68/2/28 65/3/28
f 72/1/28 71/4/28 68/2/28
f 68/1/29 69/2/29 66/3/29
f 68/1/29 71/4/29 69/2/29
f 72/1/30 67/2/30 70/3/30
f 72/1/30 65/4/30 67/2/30
o GridPlank_0:1
v -0.09903906 0.30033 0.001195946
v 0.1010325 0.2004754 0.0005406946
v 0.10096 0.3004754 0.000603649
v -0.09896658 0.2003301 0.001132992
v 0.09955158 0.2007891 -0.499457
v 0.09947909 0.3007891 -0.4993941
v -0.1004475 0.2006438 -0.4988647
v -0.10052 0.3006437 -0.4988018
vn 0.002961874 -0.0006274282 0.9999954
vn 0.9999954 0.0007266998 -0.002961487
vn -0.002961874 0.0006274282 -0.9999954
vn -0.9999954 -0.0007266998 0.002961487
vn -0.0007248818 0.9999996 0.0006295443
vn 0.0007248818 -0.9999996 -0.0006295443
usemtl plank-material(Clone)_(Instance)_3
f 73/1/31 74/8/31 75/4/31
f 73/1/31 76/7/31 74/8/31
f 75/1/32 77/9/32 78/10/32
f 75/1/32 74/7/32 77/9/32
f 78/4/33 79/7/33 80/1/33
f 78/4/33 77/8/33 79/7/33
f 80/10/34 76/7/34 73/1/34
f 80/10/34 79/9/34 76/7/34
f 75/3/35 80/10/35 73/1/35
f 75/3/35 78/11/35 80/10/35
f 77/11/36 76/1/36 79/10/36
f 77/11/36 74/3/36 76/1/36
o GridPlank_0:2
v -0.09954283 0.299749 1.004941
v 0.1005846 0.2000048 1.004588
v 0.100457 0.3000043 1.004893
v -0.09941527 0.1997496 1.004636
v 0.1004626 0.201526 0.5045907
v 0.100335 0.3015254 0.504895
v -0.09953728 0.2012707 0.5046387
v -0.09966484 0.3012702 0.504943
vn 0.0002440214 -0.00304234 0.9999953
vn 0.9999992 0.001276374 -0.0002401769
vn -0.0002440214 0.00304234 -0.9999953
vn -0.9999992 -0.001276374 0.0002401769
vn -0.001275659 0.9999946 0.003042579
vn 0.001275659 -0.9999946 -0.003042579
usemtl plank-material(Clone)_(Instance)_4
f 81/1/37 82/8/37 83/4/37
f 81/1/37 84/7/37 82/8/37
f 83/1/38 85/9/38 86/10/38
f 83/1/38 82/7/38 85/9/38
f 86/4/39 87/7/39 88/1/39
f 86/4/39 85/8/39 87/7/39
f 88/10/40 84/7/40 81/1/40
f 88/10/40 87/9/40 84/7/40
f 83/3/41 88/10/41 81/1/41
f 83/3/41 86/11/41 88/10/41
f 85/11/42 84/1/42 87/10/42
f 85/11/42 82/3/42 84/1/42
o GridPlank_0:3
v 0.1002976 0.1992898 0.5004702
v -0.09995174 0.2987852 0.5014004
v -0.09970022 0.1987856 0.501249
v 0.1000461 0.2992894 0.5006217
v -0.1019004 0.2995375 0.001404753
v -0.1016489 0.1995379 0.001253298
v 0.09809744 0.3000417 0.0006260365
v 0.09834895 0.2000422 0.0004745811
vn 0.003897369 -0.00150466 0.9999913
vn -0.9999893 -0.002521157 0.003893584
vn -0.003897369 0.00150466 -0.9999913
vn 0.9999893 0.002521157 -0.003893584
vn 0.002515197 -0.9999957 -0.001514554
vn -0.002515197 0.9999957 0.001514554
usemtl plank-material(Clone)_(Instance)_5
f 89/1/43 90/8/43 91/4/43
f 89/1/43 92/7/43 90/8/43
f 91/1/44 93/9/44 94/10/44
f 91/1/44 90/7/44 93/9/44
f 94/4/45 95/7/45 96/1/45
f 94/4/45 93/8/45 95/7/45
f 96/10/46 92/7/46 89/1/46
f 96/10/46 95/9/46 92/7/46
f 91/3/47 96/10/47 89/1/47
f 91/3/47 94/11/47 96/10/47
f 93/11/48 92/1/48 95/10/48
f 93/11/48 90/3/48 92/1/48
